27.02292522 2.388749132
29.03857442 2.780593607
41.03857442 2.508523682
43.05422362 3.339771849
44.99710422 15.87516098
55.05422362 2.809706867
57.06987282 3.784015561
71.01275342 2.272842602
85.02840262 2.479887715
99.04405182 2.452940697
113.059701 2.426573009
127.0753502 2.400766168
135.1168204 4.094463118
137.1324696 4.307856969
141.0909994 2.690281662
149.1324696 2.304951659
151.1481188 3.068814494
163.1481188 2.28165448
165.163768 3.037804793
177.163768 2.238870876
179.1794172 2.980742498
191.1794172 2.213645608
193.1950664 2.947159796
205.1950664 2.779039719
207.2107156 3.464824919
219.2107156 2.300056691
221.2263648 2.836860039
223.1692454 2.927920556
234.2341894 2.435350338
237.1848946 2.902718563
251.2005438 2.66745135
