27.02292522 0.7179811415
177.0215992 1.43786116
178.0294238 0.9007745968
191.0372484 1.129483449
199.00595 0.732415444
205.0528976 0.8112450443
225.0215992 1.012737375
226.0294238 1.216868702
231.0685468 0.7534002375
239.0372484 1.9626999
253.0528976 1.494659233
293.084196 1.492038172
294.0920206 1.581162407
295.0998452 0.849035452
307.0998452 1.283262376
308.1076698 1.273497717
321.1154944 1.323645958
322.123319 1.204798843
323.1311436 0.9311978974
333.1154944 0.8775856955
334.123319 0.7225785632
335.1311436 1.661452991
349.1104085 0.944348388
351.1260577 3.031737238
352.1338823 1.764249602
402.043747 0.9465357976
403.0515716 2.209975831
404.0593962 2.148834577
405.0672208 0.7180547535
416.0593962 0.8857811817
417.0672208 2.278633261
