41.03857442 1.211885658
55.05422362 1.753907537
67.05422362 1.40609005
69.06987282 2.000489013
109.1011712 1.14841052
123.1168204 1.056981965
135.1168204 1.333942687
137.1324696 1.976094275
177.163768 1.081614467
191.1794172 0.9946524057
197.059701 0.6980696798
203.1794172 1.254124883
205.1950664 2.421667047
223.0753502 0.6711380205
225.0909994 2.547837521
237.0909994 1.237102574
239.1066486 2.388801006
245.2263648 1.022508854
259.242014 0.9326183318
265.1222978 0.6600446866
293.1535962 2.409462197
305.1535962 1.170018126
307.1692454 2.259268979
361.216193 2.279718905
362.2195953 0.6496021999
373.216193 1.107132966
375.2318422 2.13784598
416.3073495 0.8354899225
428.2709652 0.8616900953
429.2787898 4.326259346
430.2821945 1.480091798
