85.0 0.0560560561
86.0 0.005005005
87.0 0.015015015
88.0 0.007007007
89.0 0.007007007
90.0 0.001001001
91.0 0.001001001
95.0 0.1311311311
96.0 0.012012012
97.0 0.006006006
98.0 0.001001001
99.0 0.018018018
100.0 0.003003003
101.0 0.021021021
102.0 0.005005005
103.0 0.013013013
104.0 0.002002002
105.0 0.007007007
106.0 0.001001001
111.0 0.002002002
112.0 0.002002002
113.0 0.033033033
114.0 0.006006006
115.0 0.1781781782
116.0 0.034034034
117.0 0.0520520521
118.0 0.006006006
119.0 0.008008008
128.0 0.001001001
129.0 0.008008008
130.0 0.01001001
131.0 0.8028028028
132.0 0.0980980981
133.0 0.1021021021
134.0 0.012012012
135.0 0.006006006
143.0 0.007007007
144.0 0.001001001
145.0 0.001001001
146.0 0.001001001
147.0 1.0
148.0 0.1601601602
149.0 0.0930930931
150.0 0.01001001
151.0 0.003003003
156.0 0.003003003
157.0 0.021021021
158.0 0.003003003
159.0 0.003003003
162.0 0.001001001
163.0 0.016016016
164.0 0.002002002
165.0 0.001001001
172.0 0.002002002
173.0 0.001001001
189.0 0.016016016
190.0 0.003003003
191.0 0.009009009
192.0 0.001001001
203.0 0.021021021
204.0 0.04004004
205.0 0.048048048
206.0 0.011011011
207.0 0.004004004
231.0 0.007007007
232.0 0.001001001
247.0 0.0890890891
248.0 0.019019019
249.0 0.008008008
250.0 0.001001001
