27.02292522 0.9659811258
29.03857442 1.12443827
41.03857442 1.014416498
43.05422362 1.350563157
44.99710422 4.513340213
55.05422362 1.003267735
57.06987282 1.335724292
69.06987282 0.9923613652
71.01275342 1.105456512
71.08552202 1.321207957
83.08552202 0.9816895681
85.10117122 1.30700375
97.10117122 1.09994507
99.11682042 1.481381355
139.1481188 1.192398232
179.1066486 1.558494635
179.1794172 1.343350114
193.1222978 0.9205766684
205.1950664 1.495426222
207.137947 1.194211298
221.1535962 1.187485592
231.2107156 2.003983273
232.2185402 0.9604835912
233.2263648 2.626940255
235.1692454 1.174171028
245.2263648 0.909648265
247.242014 1.121949431
249.1848946 1.16102427
260.2498386 0.9631911398
263.2005438 1.148044028
277.216193 1.055030236
