29.00219012 2.189734421
59.01275342 1.893741685
80.97360492 0.962331365
96.96851902 3.904609666
98.98416822 1.188765275
135.0539404 0.9091844993
138.9790823 0.8519810631
160.9399338 1.093741059
176.0566791 0.9731178792
176.9348479 2.184924664
177.0645037 1.4895605
178.9504971 1.066430885
206.0672424 1.129069765
207.075067 0.8226211914
236.0778057 1.038360112
256.9011768 1.604592203
270.916826 1.164742498
283.9246506 0.998139047
298.9117401 1.263760135
299.9195647 1.302842434
312.9273893 1.430330699
313.9352139 1.169274863
329.930128 1.042560873
342.9379526 1.043590263
343.9457772 0.885282243
347.0625225 0.973597703
426.0210268 1.52132835
475.9767924 0.8202805862
476.984617 0.9740141453
488.984617 1.411637127
489.9924416 2.141135892
