43.0 1.16
55.0 1.09
59.0 1.44
67.0 2.16
79.0 3.31
81.0 3.7
83.0 1.65
89.0 1.23
91.0 3.01
93.0 7.68
94.0 1.51
95.0 5.82
96.0 1.74
97.0 2.24
105.0 7.73
106.0 1.84
107.0 7.38
108.0 1.96
109.0 6.24
110.0 2.11
111.0 2.87
117.0 3.22
118.0 1.29
119.0 6.0
120.0 2.01
121.0 8.06
122.0 6.12
123.0 10.82
124.0 11.9
125.0 2.27
129.0 5.06
130.0 2.99
131.0 27.26
132.0 5.07
133.0 10.83
134.0 4.15
135.0 5.04
136.0 3.53
137.0 4.49
138.0 8.39
143.0 4.82
144.0 2.19
145.0 7.96
146.0 3.21
147.0 9.65
148.0 3.92
149.0 5.33
150.0 1.43
151.0 1.18
154.0 1.16
155.0 3.23
156.0 1.16
157.0 4.78
158.0 1.96
159.0 9.6
160.0 5.26
161.0 24.06
162.0 10.88
163.0 8.38
164.0 1.71
165.0 2.92
167.0 1.37
169.0 2.75
170.0 1.11
171.0 3.76
172.0 2.83
173.0 11.37
174.0 5.91
175.0 7.72
176.0 4.38
177.0 2.93
181.0 2.75
182.0 1.0
183.0 2.6
184.0 1.02
185.0 3.53
186.0 1.62
187.0 2.97
188.0 1.72
189.0 3.98
190.0 1.31
191.0 1.73
193.0 1.7
195.0 3.84
196.0 1.45
197.0 5.33
198.0 2.02
199.0 3.52
200.0 1.97
201.0 2.9
202.0 1.19
203.0 1.35
205.0 1.01
207.0 1.32
209.0 2.95
210.0 1.58
211.0 6.85
212.0 2.3
213.0 9.71
214.0 2.34
215.0 1.41
217.0 1.15
219.0 1.0
221.0 1.49
223.0 2.12
224.0 1.27
225.0 3.3
226.0 2.85
227.0 4.67
228.0 4.19
229.0 1.52
235.0 2.07
236.0 1.75
237.0 12.13
238.0 3.59
239.0 4.63
240.0 2.13
241.0 6.68
242.0 1.78
243.0 1.41
246.0 1.0
247.0 2.75
249.0 1.09
251.0 1.74
252.0 1.69
253.0 5.92
254.0 6.67
255.0 75.83
256.0 19.14
257.0 4.47
258.0 1.15
263.0 1.17
265.0 5.72
266.0 2.71
267.0 3.43
268.0 2.39
269.0 3.72
270.0 1.78
271.0 2.13
272.0 4.16
273.0 1.53
278.0 2.66
279.0 1.12
281.0 9.31
282.0 5.3
283.0 99.99
284.0 29.28
285.0 7.75
286.0 2.67
288.0 1.58
293.0 3.2
294.0 1.18
295.0 1.6
296.0 30.68
297.0 7.85
298.0 3.58
299.0 10.67
300.0 10.41
301.0 3.19
306.0 1.04
309.0 7.88
310.0 2.08
311.0 50.78
312.0 12.16
313.0 9.75
314.0 45.7
315.0 10.39
316.0 1.95
324.0 14.19
325.0 3.8
326.0 1.6
327.0 4.11
328.0 1.16
329.0 22.64
330.0 5.79
331.0 1.21
342.0 14.38
343.0 3.76
344.0 1.34
360.0 1.36
