70.0 0.362
71.0 0.026
72.0 0.015
76.0 0.041
77.0 0.102
78.0 0.019
79.0 0.191
80.0 0.035
81.0 0.15
82.0 0.052
83.0 0.035
84.0 0.027
85.0 0.01
86.0 0.009
87.0 0.45
88.0 0.064
89.0 0.017
90.0 0.003
91.0 0.175
92.0 0.028
93.0 0.13
94.0 0.044
95.0 0.082
96.0 0.025
97.0 0.012
98.0 0.021
99.0 0.018
100.0 1.0
101.0 0.083
102.0 0.009
103.0 0.016
104.0 0.01
105.0 0.137
106.0 0.04
107.0 0.123
108.0 0.037
109.0 0.042
110.0 0.011
111.0 0.007
112.0 0.01
113.0 0.076
114.0 0.037
115.0 0.03
116.0 0.011
117.0 0.06
118.0 0.016
119.0 0.072
120.0 0.037
121.0 0.05
122.0 0.021
123.0 0.014
124.0 0.009
125.0 0.004
126.0 0.022
127.0 0.013
128.0 0.015
129.0 0.045
130.0 0.013
131.0 0.057
132.0 0.017
133.0 0.06
134.0 0.043
135.0 0.042
136.0 0.014
137.0 0.005
138.0 0.006
139.0 0.002
140.0 0.003
141.0 0.008
142.0 0.012
143.0 0.026
144.0 0.01
145.0 0.054
146.0 0.018
150.0 0.005
151.0 0.002
152.0 0.006
153.0 0.004
154.0 0.007
155.0 0.018
156.0 0.005
157.0 0.019
158.0 0.008
159.0 0.039
160.0 0.015
161.0 0.026
162.0 0.009
163.0 0.005
164.0 0.003
165.0 0.003
166.0 0.005
167.0 0.004
168.0 0.003
169.0 0.008
170.0 0.003
171.0 0.017
172.0 0.006
173.0 0.05
174.0 0.014
175.0 0.011
176.0 0.005
177.0 0.002
178.0 0.002
179.0 0.002
180.0 0.003
181.0 0.004
182.0 0.002
183.0 0.009
184.0 0.003
185.0 0.022
186.0 0.007
187.0 0.013
188.0 0.007
189.0 0.004
190.0 0.004
191.0 0.002
192.0 0.002
193.0 0.001
194.0 0.002
195.0 0.002
196.0 0.004
197.0 0.007
198.0 0.002
199.0 0.025
200.0 0.007
201.0 0.01
202.0 0.006
203.0 0.002
204.0 0.002
205.0 0.001
206.0 0.002
207.0 0.001
208.0 0.001
209.0 0.003
210.0 0.001
211.0 0.01
212.0 0.003
213.0 0.009
214.0 0.004
215.0 0.029
216.0 0.007
217.0 0.002
218.0 0.001
219.0 0.001
220.0 0.002
221.0 0.001
222.0 0.001
223.0 0.002
224.0 0.001
225.0 0.013
226.0 0.004
227.0 0.005
228.0 0.002
229.0 0.003
230.0 0.006
231.0 0.001
232.0 0.001
233.0 0.0
234.0 0.001
235.0 0.0
236.0 0.0
237.0 0.001
238.0 0.001
239.0 0.004
240.0 0.002
241.0 0.042
242.0 0.012
243.0 0.02
244.0 0.005
245.0 0.001
246.0 0.001
247.0 0.001
248.0 0.001
249.0 0.0
250.0 0.0
251.0 0.001
252.0 0.001
253.0 0.001
254.0 0.001
255.0 0.003
256.0 0.004
257.0 0.004
258.0 0.002
259.0 0.001
260.0 0.0
261.0 0.0
262.0 0.0
263.0 0.001
264.0 0.001
265.0 0.001
266.0 0.001
267.0 0.002
268.0 0.001
269.0 0.001
270.0 0.001
271.0 0.0
272.0 0.0
273.0 0.0
274.0 0.001
275.0 0.001
276.0 0.0
277.0 0.0
278.0 0.0
279.0 0.0
280.0 0.0
281.0 0.014
282.0 0.007
283.0 0.005
284.0 0.002
285.0 0.0
286.0 0.0
287.0 0.0
288.0 0.001
289.0 0.001
290.0 0.001
291.0 0.001
292.0 0.0
293.0 0.0
294.0 0.0
295.0 0.0
296.0 0.001
297.0 0.001
298.0 0.022
299.0 0.006
300.0 0.001
301.0 0.0
302.0 0.0
303.0 0.0
304.0 0.0
305.0 0.002
306.0 0.001
307.0 0.0
308.0 0.0
309.0 0.0
310.0 0.0
311.0 0.0
312.0 0.0
313.0 0.0
314.0 0.008
315.0 0.003
316.0 0.001
317.0 0.001
318.0 0.001
319.0 0.0
320.0 0.005
321.0 0.002
322.0 0.001
323.0 0.0
324.0 0.0
325.0 0.0
326.0 0.0
327.0 0.0
328.0 0.007
329.0 0.003
330.0 0.001
331.0 0.001
332.0 0.003
333.0 0.003
334.0 0.001
335.0 0.0
336.0 0.0
337.0 0.0
338.0 0.0
339.0 0.0
340.0 0.0
341.0 0.0
342.0 0.0
343.0 0.0
344.0 0.0
345.0 0.001
346.0 0.001
347.0 0.001
348.0 0.0
349.0 0.0
350.0 0.0
351.0 0.0
352.0 0.0
353.0 0.0
354.0 0.0
355.0 0.0
356.0 0.0
357.0 0.0
358.0 0.001
359.0 0.0
360.0 0.0
361.0 0.0
362.0 0.0
363.0 0.0
364.0 0.001
365.0 0.0
366.0 0.0
367.0 0.0
368.0 0.0
369.0 0.0
370.0 0.0
371.0 0.001
372.0 0.002
373.0 0.002
374.0 0.001
375.0 0.0
376.0 0.0
377.0 0.0
378.0 0.0
379.0 0.0
380.0 0.0
381.0 0.0
382.0 0.0
383.0 0.0
384.0 0.0
385.0 0.0
386.0 0.001
387.0 0.005
388.0 0.091
389.0 0.046
390.0 0.014
391.0 0.003
392.0 0.001
393.0 0.0
394.0 0.0
395.0 0.0
396.0 0.0
397.0 0.0
398.0 0.0
399.0 0.0
400.0 0.0
401.0 0.0
402.0 0.0
403.0 0.0
404.0 0.01
405.0 0.004
406.0 0.001
407.0 0.0
408.0 0.0
409.0 0.0
410.0 0.0
411.0 0.0
412.0 0.0
413.0 0.0
414.0 0.0
415.0 0.0
416.0 0.0
417.0 0.0
418.0 0.001
419.0 0.004
420.0 0.002
421.0 0.001
422.0 0.0
430.0 0.0
431.0 0.0
535.0 0.0
