82.0 0.009009009
83.0 0.009009009
84.0 0.013013013
85.0 0.015015015
86.0 0.01001001
87.0 0.014014014
88.0 0.011011011
89.0 0.1871871872
90.0 0.017017017
91.0 0.009009009
92.0 0.001001001
93.0 0.001001001
94.0 0.002002002
95.0 0.003003003
96.0 0.002002002
97.0 0.02002002
98.0 0.004004004
99.0 0.014014014
100.0 0.03003003
101.0 0.0500500501
102.0 0.026026026
103.0 0.3643643644
104.0 0.037037037
105.0 0.0610610611
106.0 0.007007007
107.0 0.003003003
108.0 0.001001001
109.0 0.01001001
110.0 0.003003003
111.0 0.01001001
112.0 0.003003003
113.0 0.018018018
114.0 0.019019019
115.0 0.02002002
116.0 0.022022022
117.0 0.2342342342
118.0 0.025025025
119.0 0.019019019
120.0 0.002002002
121.0 0.001001001
123.0 0.001001001
124.0 0.001001001
125.0 0.003003003
126.0 0.003003003
127.0 0.013013013
128.0 0.009009009
129.0 0.2922922923
130.0 0.047047047
131.0 0.0650650651
132.0 0.012012012
133.0 0.1191191191
134.0 0.017017017
135.0 0.011011011
136.0 0.001001001
137.0 0.001001001
138.0 0.002002002
139.0 0.005005005
140.0 0.003003003
141.0 0.012012012
142.0 0.016016016
143.0 0.0850850851
144.0 0.014014014
145.0 0.027027027
146.0 0.005005005
147.0 0.8088088088
148.0 0.1321321321
149.0 0.0870870871
150.0 0.011011011
151.0 0.006006006
152.0 0.003003003
153.0 0.008008008
154.0 0.005005005
155.0 0.047047047
156.0 0.012012012
157.0 0.0580580581
158.0 0.014014014
159.0 0.011011011
160.0 0.1351351351
161.0 0.028028028
162.0 0.009009009
163.0 0.024024024
164.0 0.005005005
165.0 0.003003003
166.0 0.002002002
167.0 0.004004004
168.0 0.006006006
169.0 0.1741741742
170.0 0.028028028
171.0 0.016016016
172.0 0.008008008
173.0 0.014014014
174.0 0.006006006
175.0 0.009009009
176.0 0.002002002
177.0 0.008008008
178.0 0.002002002
179.0 0.002002002
180.0 0.003003003
181.0 0.003003003
182.0 0.002002002
183.0 0.006006006
184.0 0.002002002
185.0 0.005005005
186.0 0.006006006
187.0 0.005005005
188.0 0.003003003
189.0 0.0580580581
190.0 0.018018018
191.0 0.1181181181
192.0 0.022022022
193.0 0.011011011
194.0 0.002002002
195.0 0.003003003
196.0 0.004004004
197.0 0.003003003
198.0 0.004004004
199.0 0.006006006
200.0 0.004004004
201.0 0.01001001
202.0 0.005005005
203.0 0.03003003
204.0 1.0
205.0 0.4034034034
206.0 0.1291291291
207.0 0.039039039
208.0 0.007007007
209.0 0.002002002
210.0 0.019019019
211.0 0.005005005
212.0 0.003003003
213.0 0.002002002
214.0 0.003003003
215.0 0.017017017
216.0 0.022022022
217.0 0.5275275275
218.0 0.1331331331
219.0 0.0560560561
220.0 0.011011011
221.0 0.026026026
222.0 0.006006006
223.0 0.005005005
224.0 0.001001001
225.0 0.001001001
226.0 0.001001001
227.0 0.007007007
228.0 0.005005005
229.0 0.037037037
230.0 0.024024024
231.0 0.049049049
232.0 0.017017017
233.0 0.029029029
234.0 0.009009009
235.0 0.004004004
236.0 0.001001001
237.0 0.001001001
238.0 0.001001001
239.0 0.001001001
240.0 0.004004004
241.0 0.01001001
242.0 0.007007007
243.0 0.0820820821
244.0 0.028028028
245.0 0.027027027
246.0 0.012012012
247.0 0.016016016
248.0 0.004004004
249.0 0.002002002
250.0 0.001001001
253.0 0.001001001
254.0 0.003003003
255.0 0.004004004
256.0 0.008008008
257.0 0.009009009
258.0 0.004004004
259.0 0.021021021
260.0 0.007007007
261.0 0.004004004
262.0 0.007007007
263.0 0.004004004
264.0 0.001001001
265.0 0.004004004
266.0 0.001001001
267.0 0.001001001
268.0 0.007007007
269.0 0.01001001
270.0 0.008008008
271.0 0.0730730731
272.0 0.02002002
273.0 0.011011011
274.0 0.005005005
275.0 0.004004004
276.0 0.005005005
277.0 0.003003003
278.0 0.002002002
279.0 0.002002002
283.0 0.001001001
284.0 0.001001001
285.0 0.001001001
286.0 0.002002002
287.0 0.002002002
288.0 0.001001001
289.0 0.002002002
290.0 0.001001001
291.0 0.013013013
292.0 0.004004004
293.0 0.003003003
294.0 0.001001001
297.0 0.001001001
299.0 0.001001001
300.0 0.017017017
301.0 0.005005005
302.0 0.003003003
303.0 0.003003003
304.0 0.005005005
305.0 0.024024024
306.0 0.01001001
307.0 0.007007007
308.0 0.002002002
309.0 0.001001001
313.0 0.001001001
314.0 0.001001001
315.0 0.001001001
316.0 0.002002002
317.0 0.008008008
318.0 0.009009009
319.0 0.1361361361
320.0 0.0510510511
321.0 0.024024024
322.0 0.006006006
323.0 0.002002002
328.0 0.001001001
329.0 0.001001001
330.0 0.002002002
331.0 0.027027027
332.0 0.02002002
333.0 0.011011011
334.0 0.004004004
335.0 0.002002002
336.0 0.001001001
337.0 0.002002002
338.0 0.001001001
342.0 0.001001001
343.0 0.003003003
344.0 0.003003003
345.0 0.006006006
346.0 0.003003003
347.0 0.002002002
348.0 0.001001001
358.0 0.004004004
359.0 0.014014014
360.0 0.017017017
361.0 0.3833833834
362.0 0.1321321321
363.0 0.0630630631
364.0 0.015015015
365.0 0.004004004
366.0 0.001001001
373.0 0.001001001
374.0 0.003003003
375.0 0.001001001
376.0 0.002002002
377.0 0.002002002
378.0 0.001001001
379.0 0.001001001
389.0 0.001001001
390.0 0.005005005
391.0 0.002002002
392.0 0.001001001
393.0 0.001001001
408.0 0.001001001
409.0 0.005005005
410.0 0.002002002
411.0 0.001001001
421.0 0.001001001
422.0 0.001001001
423.0 0.001001001
427.0 0.001001001
428.0 0.001001001
435.0 0.001001001
436.0 0.001001001
448.0 0.001001001
449.0 0.002002002
450.0 0.003003003
451.0 0.012012012
452.0 0.005005005
453.0 0.003003003
454.0 0.001001001
464.0 0.003003003
465.0 0.002002002
466.0 0.001001001
467.0 0.001001001
479.0 0.004004004
480.0 0.021021021
481.0 0.011011011
482.0 0.006006006
483.0 0.002002002
