70.0 0.029
71.0 0.038
72.0 0.046
76.0 0.22
77.0 0.599
78.0 0.116
79.0 1.0
80.0 0.137
81.0 0.744
82.0 0.081
83.0 0.091
84.0 0.014
85.0 0.044
86.0 0.011
87.0 0.027
88.0 0.008
89.0 0.057
90.0 0.011
91.0 0.951
92.0 0.155
93.0 0.733
94.0 0.161
95.0 0.395
96.0 0.044
97.0 0.296
98.0 0.024
99.0 0.038
100.0 0.006
101.0 0.124
102.0 0.028
103.0 0.085
104.0 0.041
105.0 0.584
106.0 0.245
107.0 0.534
108.0 0.394
109.0 0.218
110.0 0.052
111.0 0.044
112.0 0.007
113.0 0.03
114.0 0.008
115.0 0.121
116.0 0.045
117.0 0.169
118.0 0.055
119.0 0.298
120.0 0.105
121.0 0.217
122.0 0.065
123.0 0.091
124.0 0.022
125.0 0.017
126.0 0.004
127.0 0.039
128.0 0.049
129.0 0.412
130.0 0.277
131.0 0.251
132.0 0.058
133.0 0.189
134.0 0.077
135.0 0.124
136.0 0.052
137.0 0.059
138.0 0.047
139.0 0.01
140.0 0.002
141.0 0.03
142.0 0.228
143.0 0.109
144.0 0.052
145.0 0.248
146.0 0.071
150.0 0.046
151.0 0.029
152.0 0.013
153.0 0.01
154.0 0.006
155.0 0.319
156.0 0.058
157.0 0.073
158.0 0.035
159.0 0.146
160.0 0.05
161.0 0.158
162.0 0.042
163.0 0.041
164.0 0.022
165.0 0.016
166.0 0.005
167.0 0.011
168.0 0.007
169.0 0.027
170.0 0.009
171.0 0.057
172.0 0.019
173.0 0.083
174.0 0.046
175.0 0.123
176.0 0.063
177.0 0.021
178.0 0.005
179.0 0.003
180.0 0.002
181.0 0.013
182.0 0.016
183.0 0.031
184.0 0.009
185.0 0.031
186.0 0.013
187.0 0.052
188.0 0.017
189.0 0.05
190.0 0.026
191.0 0.017
192.0 0.003
193.0 0.002
194.0 0.001
195.0 0.005
196.0 0.012
197.0 0.037
198.0 0.012
199.0 0.034
200.0 0.013
201.0 0.07
202.0 0.025
203.0 0.036
204.0 0.025
205.0 0.012
206.0 0.002
207.0 0.002
208.0 0.001
209.0 0.004
210.0 0.001
211.0 0.012
212.0 0.007
213.0 0.057
214.0 0.023
215.0 0.172
216.0 0.092
217.0 0.06
218.0 0.014
219.0 0.003
220.0 0.001
221.0 0.003
222.0 0.001
223.0 0.002
224.0 0.001
225.0 0.01
226.0 0.005
227.0 0.01
228.0 0.02
229.0 0.03
230.0 0.016
231.0 0.013
232.0 0.029
233.0 0.035
234.0 0.007
235.0 0.002
236.0 0.001
237.0 0.002
238.0 0.001
239.0 0.033
240.0 0.009
241.0 0.004
242.0 0.001
243.0 0.019
244.0 0.042
245.0 0.014
246.0 0.005
247.0 0.001
248.0 0.001
249.0 0.001
250.0 0.0
253.0 0.047
254.0 0.032
255.0 0.022
256.0 0.005
257.0 0.115
258.0 0.028
259.0 0.004
260.0 0.001
261.0 0.002
262.0 0.001
263.0 0.002
264.0 0.001
265.0 0.002
266.0 0.0
268.0 0.0
269.0 0.0
270.0 0.002
271.0 0.253
272.0 0.376
273.0 0.076
274.0 0.01
275.0 0.002
276.0 0.0
277.0 0.001
280.0 0.0
287.0 0.004
288.0 0.001
289.0 0.001
291.0 0.004
292.0 0.001
293.0 0.003
294.0 0.0
304.0 0.001
305.0 0.016
306.0 0.011
307.0 0.003
308.0 0.001
309.0 0.0
318.0 0.002
333.0 0.001
344.0 0.001
346.0 0.003
347.0 0.135
348.0 0.046
349.0 0.012
350.0 0.002
361.0 0.001
362.0 0.032
363.0 0.012
364.0 0.002
