85.0 0.043043043
86.0 0.005005005
87.0 0.019019019
88.0 0.006006006
89.0 0.0730730731
90.0 0.045045045
91.0 0.3963963964
92.0 0.1071071071
93.0 0.029029029
94.0 0.004004004
95.0 0.03003003
96.0 0.008008008
97.0 0.014014014
98.0 0.003003003
99.0 0.005005005
100.0 0.001001001
101.0 0.009009009
102.0 0.009009009
103.0 0.0590590591
104.0 0.017017017
105.0 0.0840840841
106.0 0.013013013
107.0 0.016016016
108.0 0.004004004
109.0 0.01001001
111.0 0.007007007
112.0 0.002002002
113.0 0.003003003
114.0 0.001001001
115.0 0.0720720721
116.0 0.012012012
117.0 0.022022022
118.0 0.016016016
119.0 0.039039039
120.0 0.041041041
121.0 0.039039039
122.0 0.005005005
123.0 0.019019019
124.0 0.002002002
125.0 0.002002002
126.0 0.038038038
127.0 0.004004004
128.0 0.002002002
129.0 0.011011011
130.0 0.001001001
131.0 0.042042042
132.0 0.009009009
133.0 0.1511511512
134.0 0.029029029
135.0 0.4794794795
136.0 0.0710710711
137.0 0.043043043
138.0 0.006006006
139.0 0.002002002
141.0 0.001001001
143.0 0.003003003
144.0 0.001001001
145.0 0.012012012
146.0 0.003003003
147.0 0.1201201201
148.0 0.025025025
149.0 0.2962962963
150.0 0.0510510511
151.0 0.0900900901
152.0 0.013013013
153.0 0.015015015
154.0 0.001001001
155.0 0.001001001
157.0 0.001001001
159.0 0.031031031
160.0 0.005005005
161.0 0.011011011
162.0 0.004004004
163.0 0.016016016
164.0 0.008008008
165.0 0.012012012
166.0 0.008008008
167.0 0.003003003
171.0 0.001001001
173.0 0.001001001
174.0 0.001001001
175.0 0.0590590591
176.0 0.012012012
177.0 0.029029029
178.0 0.005005005
179.0 0.0790790791
180.0 0.014014014
181.0 0.044044044
182.0 0.009009009
183.0 0.004004004
184.0 0.001001001
185.0 0.001001001
189.0 0.002002002
191.0 0.007007007
192.0 0.003003003
193.0 0.1281281281
194.0 0.0530530531
195.0 0.038038038
196.0 0.007007007
197.0 0.002002002
205.0 0.001001001
206.0 0.001001001
207.0 0.007007007
208.0 0.002002002
209.0 0.2232232232
210.0 0.0590590591
211.0 0.033033033
212.0 0.006006006
213.0 0.002002002
215.0 0.001001001
219.0 0.001001001
221.0 0.009009009
222.0 0.003003003
223.0 0.003003003
224.0 0.001001001
225.0 0.011011011
226.0 0.003003003
227.0 0.002002002
230.0 0.001001001
231.0 0.001001001
232.0 0.001001001
233.0 0.043043043
234.0 0.015015015
235.0 0.008008008
236.0 0.002002002
237.0 0.001001001
239.0 0.001001001
240.0 0.001001001
247.0 0.002002002
248.0 0.001001001
249.0 0.0600600601
250.0 0.026026026
251.0 0.019019019
252.0 0.004004004
253.0 0.002002002
257.0 0.001001001
258.0 0.001001001
259.0 0.001001001
260.0 0.001001001
262.0 0.001001001
263.0 0.001001001
264.0 0.001001001
265.0 0.022022022
266.0 0.015015015
267.0 1.0
268.0 0.2492492492
269.0 0.1001001001
270.0 0.019019019
271.0 0.003003003
281.0 0.001001001
472.0 0.001001001
