82.0 0.7637637638
83.0 0.0820820821
84.0 0.005005005
91.0 0.001001001
92.0 0.005005005
93.0 0.017017017
94.0 0.0830830831
95.0 0.026026026
96.0 0.013013013
97.0 0.029029029
98.0 0.001001001
106.0 0.003003003
107.0 0.012012012
108.0 0.0770770771
109.0 1.0
110.0 0.1301301301
111.0 0.021021021
112.0 0.001001001
120.0 0.005005005
121.0 0.004004004
122.0 0.021021021
123.0 0.009009009
124.0 0.011011011
125.0 0.001001001
132.0 0.001001001
133.0 0.001001001
134.0 0.002002002
135.0 0.007007007
136.0 0.0630630631
137.0 0.0850850851
138.0 0.032032032
139.0 0.003003003
140.0 0.001001001
147.0 0.001001001
148.0 0.001001001
149.0 0.008008008
150.0 0.014014014
151.0 0.004004004
152.0 0.007007007
163.0 0.002002002
164.0 0.005005005
165.0 0.0610610611
166.0 0.013013013
167.0 0.001001001
179.0 0.002002002
192.0 0.001001001
193.0 0.1901901902
194.0 0.8958958959
195.0 0.0890890891
196.0 0.007007007
