28.01817382 3.730354423
30.03382302 17.40141054
31.04164762 1.453545185
32.04947222 1.252149368
43.04164762 2.186855314
44.04947222 2.714088434
44.99710422 5.244181316
72.04438632 10.12021615
73.05221092 1.308358939
74.06003552 4.194328802
79.02907162 2.055714384
80.03689622 3.585334776
81.04472082 10.85153088
82.05254542 3.937183815
83.06037002 1.575753976
87.05528412 1.998742992
88.06310872 1.442753319
108.0556186 1.71173647
110.0712678 1.555814654
138.0423736 1.306424684
139.0501982 1.687947553
154.061096 3.082893342
180.1005535 2.102317337
181.1083781 2.719991434
182.0560101 1.360503514
195.0638347 1.38526171
197.0794839 1.393591054
198.0873085 1.503310852
199.0951331 2.032768898
208.0954676 1.294295386
209.1032922 1.810640496
