70.06512568 1.102864013
84.08077574 1.79433702
130.086255 6.923662708
132.1019051 0.7508617208
136.0756904 2.789953447
164.070605 1.028071721
211.1441043 0.7159413114
229.154669 1.874823262
233.1284542 2.015722494
338.1710473 1.883133198
340.1866974 0.6888660112
356.181612 3.58907059
380.1968681 2.571699163
437.2394612 1.582158897
439.2551113 0.6887696298
455.2500259 2.860436828
479.265282 3.400027108
584.3078751 1.45374981
586.3235252 0.7525770166
602.3184398 2.39460527
655.3813744 0.6579930123
683.376289 2.305801059
701.3868537 0.7083673259
705.3606389 0.9800265597
800.4341382 1.93607646
818.4447029 3.271508922
828.4290529 2.008826354
829.4130684 1.938275319
846.4396175 12.27426875
847.4236331 0.7569088415
864.4501822 3.12128753
