85.0 0.02002002
86.0 0.005005005
87.0 0.017017017
88.0 0.019019019
89.0 0.036036036
90.0 0.008008008
91.0 0.0700700701
92.0 0.018018018
93.0 0.0550550551
94.0 0.012012012
95.0 0.021021021
96.0 0.004004004
97.0 0.013013013
98.0 0.004004004
99.0 0.025025025
100.0 0.005005005
101.0 0.044044044
102.0 0.02002002
103.0 0.1651651652
104.0 0.023023023
105.0 0.046046046
106.0 0.007007007
107.0 0.009009009
108.0 0.004004004
109.0 0.017017017
110.0 0.004004004
111.0 0.022022022
112.0 0.009009009
113.0 0.019019019
114.0 0.005005005
115.0 0.0800800801
116.0 0.028028028
117.0 0.0900900901
118.0 0.014014014
119.0 0.035035035
120.0 0.007007007
121.0 0.027027027
122.0 0.004004004
123.0 0.014014014
124.0 0.003003003
125.0 0.013013013
126.0 0.006006006
127.0 0.023023023
128.0 0.017017017
129.0 0.1481481481
130.0 0.024024024
131.0 0.1001001001
132.0 0.02002002
133.0 0.2332332332
134.0 0.036036036
135.0 0.0570570571
136.0 0.011011011
137.0 0.017017017
138.0 0.006006006
139.0 0.019019019
140.0 0.007007007
141.0 0.041041041
142.0 0.02002002
143.0 0.1121121121
144.0 0.018018018
145.0 0.032032032
146.0 0.009009009
147.0 1.0
148.0 0.1661661662
149.0 0.1361361361
150.0 0.02002002
151.0 0.0870870871
152.0 0.016016016
153.0 0.017017017
154.0 0.01001001
155.0 0.036036036
156.0 0.027027027
157.0 0.028028028
158.0 0.006006006
159.0 0.012012012
160.0 0.012012012
161.0 0.029029029
162.0 0.008008008
163.0 0.04004004
164.0 0.011011011
165.0 0.02002002
166.0 0.034034034
167.0 0.1111111111
168.0 0.022022022
169.0 0.02002002
170.0 0.005005005
171.0 0.008008008
172.0 0.003003003
173.0 0.013013013
174.0 0.005005005
175.0 0.029029029
176.0 0.007007007
177.0 0.019019019
178.0 0.004004004
179.0 0.021021021
180.0 0.008008008
181.0 0.032032032
182.0 0.029029029
183.0 0.0890890891
184.0 0.019019019
185.0 0.013013013
186.0 0.005005005
187.0 0.007007007
188.0 0.003003003
189.0 0.032032032
190.0 0.025025025
191.0 0.4354354354
192.0 0.0960960961
193.0 0.0960960961
194.0 0.019019019
195.0 0.028028028
196.0 0.005005005
197.0 0.006006006
198.0 0.001001001
199.0 0.005005005
200.0 0.002002002
201.0 0.018018018
202.0 0.007007007
203.0 0.027027027
204.0 0.0540540541
205.0 0.031031031
206.0 0.011011011
207.0 0.023023023
208.0 0.007007007
209.0 0.018018018
210.0 0.01001001
211.0 0.013013013
212.0 0.003003003
213.0 0.005005005
214.0 0.002002002
215.0 0.028028028
216.0 0.026026026
217.0 0.0640640641
218.0 0.025025025
219.0 0.5465465465
220.0 0.1031031031
221.0 0.0560560561
222.0 0.011011011
223.0 0.035035035
224.0 0.012012012
225.0 0.018018018
226.0 0.006006006
227.0 0.004004004
228.0 0.003003003
229.0 0.011011011
230.0 0.0570570571
231.0 0.025025025
232.0 0.012012012
233.0 0.032032032
234.0 0.008008008
235.0 0.009009009
236.0 0.017017017
237.0 0.01001001
238.0 0.007007007
239.0 0.2612612613
240.0 0.0850850851
241.0 0.042042042
242.0 0.019019019
243.0 0.032032032
244.0 0.02002002
245.0 0.017017017
246.0 0.008008008
247.0 0.01001001
248.0 0.006006006
249.0 0.04004004
250.0 0.014014014
251.0 0.011011011
252.0 0.004004004
253.0 0.005005005
254.0 0.018018018
255.0 0.8188188188
256.0 0.2202202202
257.0 0.1311311311
258.0 0.029029029
259.0 0.014014014
260.0 0.005005005
261.0 0.007007007
262.0 0.002002002
263.0 0.007007007
264.0 0.003003003
265.0 0.007007007
266.0 0.003003003
267.0 0.037037037
268.0 0.013013013
269.0 0.009009009
270.0 0.003003003
271.0 0.009009009
272.0 0.004004004
273.0 0.009009009
274.0 0.003003003
275.0 0.004004004
276.0 0.002002002
277.0 0.014014014
278.0 0.006006006
279.0 0.029029029
280.0 0.033033033
281.0 0.017017017
282.0 0.013013013
283.0 0.0580580581
284.0 0.021021021
285.0 0.023023023
286.0 0.007007007
287.0 0.007007007
288.0 0.002002002
289.0 0.012012012
290.0 0.01001001
291.0 0.034034034
292.0 0.0650650651
293.0 0.039039039
294.0 0.017017017
295.0 0.006006006
296.0 0.003003003
297.0 0.006006006
298.0 0.004004004
299.0 0.015015015
300.0 0.006006006
301.0 0.003003003
302.0 0.003003003
303.0 0.004004004
304.0 0.005005005
305.0 0.038038038
306.0 0.029029029
307.0 0.4304304304
308.0 0.1381381381
309.0 0.0580580581
310.0 0.015015015
311.0 0.006006006
312.0 0.003003003
313.0 0.025025025
314.0 0.009009009
315.0 0.007007007
316.0 0.002002002
317.0 0.003003003
318.0 0.002002002
319.0 0.002002002
320.0 0.002002002
321.0 0.002002002
322.0 0.004004004
323.0 0.011011011
324.0 0.2112112112
325.0 0.0720720721
326.0 0.03003003
327.0 0.02002002
328.0 0.007007007
329.0 0.019019019
330.0 0.01001001
331.0 0.021021021
332.0 0.01001001
333.0 0.036036036
334.0 0.036036036
335.0 0.014014014
336.0 0.005005005
337.0 0.003003003
338.0 0.001001001
339.0 0.001001001
340.0 0.001001001
341.0 0.003003003
342.0 0.002002002
343.0 0.007007007
344.0 0.038038038
345.0 0.7117117117
346.0 0.2822822823
347.0 0.1341341341
348.0 0.041041041
349.0 0.012012012
350.0 0.003003003
351.0 0.002002002
352.0 0.001001001
355.0 0.002002002
356.0 0.002002002
357.0 0.01001001
358.0 0.004004004
359.0 0.003003003
360.0 0.001001001
361.0 0.001001001
363.0 0.001001001
365.0 0.001001001
370.0 0.001001001
371.0 0.008008008
372.0 0.0760760761
373.0 0.038038038
374.0 0.019019019
375.0 0.01001001
376.0 0.003003003
377.0 0.002002002
379.0 0.001001001
380.0 0.005005005
381.0 0.0500500501
382.0 0.022022022
383.0 0.012012012
384.0 0.002002002
385.0 0.001001001
388.0 0.001001001
389.0 0.005005005
390.0 0.002002002
395.0 0.006006006
396.0 0.028028028
397.0 0.0850850851
398.0 0.039039039
399.0 0.02002002
400.0 0.006006006
401.0 0.001001001
406.0 0.002002002
407.0 0.001001001
418.0 0.002002002
419.0 0.02002002
420.0 0.011011011
421.0 0.004004004
422.0 0.001001001
434.0 0.001001001
447.0 0.002002002
448.0 0.002002002
449.0 0.001001001
461.0 0.001001001
462.0 0.007007007
463.0 0.007007007
464.0 0.002002002
469.0 0.002002002
470.0 0.002002002
471.0 0.002002002
