41.00219012 1.052926911
93.03348852 0.755968778
105.0334885 1.591427246
106.0413131 1.355154314
107.0491377 1.586635472
109.0647869 1.073970744
119.0491377 2.161365303
147.0440518 3.268319671
159.0440518 1.341975484
161.059701 0.9697765426
201.0546151 1.199333978
231.0651784 0.7530659395
232.073003 0.9039299193
233.0808276 2.73495282
234.0886522 1.028097966
268.1093873 0.9320985929
294.0886522 1.223056838
308.1043014 0.8496102344
309.112126 1.0309293
310.0835663 0.7841266423
311.0913909 1.378471737
321.112126 1.170722721
322.1199506 1.716337823
323.1277752 1.566939247
324.1355998 1.507394777
334.1199506 1.768302733
335.1277752 1.868647329
336.0992155 1.818751079
337.1070401 4.838994892
338.1104352 1.10475818
352.1305139 1.908686042
