109.1017254 2.303029242
111.1173755 1.715742992
177.1643257 2.303029242
179.1799757 1.715742992
195.0657338 3.461226443
245.2269259 2.303029242
247.242576 1.715742992
275.1283341 1.583314791
313.2895262 2.303029242
315.3051762 1.715742992
343.1909343 1.583314791
381.3521264 2.303029242
383.3677765 1.715742992
411.2535346 1.583314791
449.4147267 2.303029242
451.4303768 1.715742992
517.477327 2.303029242
519.492977 1.715742992
585.5399272 2.303029242
587.5555773 1.715742992
615.4413354 1.583314791
653.6025275 2.303029242
655.6181775 1.715742992
667.6181775 3.551344692
683.5039356 1.583314791
719.6494777 2.0748951
819.6291361 4.661077843
821.6447862 4.274022914
831.6655216 1.858922091
845.6811717 10.83034557
863.6917364 25.20264129
