70.0 0.087
71.0 0.038
72.0 0.084
76.0 0.035
77.0 0.483
78.0 0.144
79.0 0.676
80.0 0.222
81.0 0.24
82.0 0.09
83.0 0.036
84.0 0.093
85.0 0.04
86.0 0.025
87.0 0.022
88.0 0.112
89.0 1.0
90.0 0.11
91.0 0.805
92.0 0.183
93.0 0.462
94.0 0.186
95.0 0.153
96.0 0.068
97.0 0.019
98.0 0.238
99.0 0.035
100.0 0.04
101.0 0.017
102.0 0.033
103.0 0.625
104.0 0.205
105.0 0.442
106.0 0.181
107.0 0.191
108.0 0.112
109.0 0.058
110.0 0.073
111.0 0.032
112.0 0.048
113.0 0.016
114.0 0.045
115.0 0.132
116.0 0.105
117.0 0.221
118.0 0.169
119.0 0.259
120.0 0.218
121.0 0.11
122.0 0.109
123.0 0.046
124.0 0.06
125.0 0.5
126.0 0.109
127.0 0.04
128.0 0.102
129.0 0.135
130.0 0.152
131.0 0.229
132.0 0.154
133.0 0.137
134.0 0.095
135.0 0.07
136.0 0.074
137.0 0.287
138.0 0.111
139.0 0.053
140.0 0.023
141.0 0.057
142.0 0.081
143.0 0.143
144.0 0.164
145.0 0.153
146.0 0.104
150.0 0.027
151.0 0.188
152.0 0.116
153.0 0.276
154.0 0.061
155.0 0.065
156.0 0.079
157.0 0.11
158.0 0.15
159.0 0.073
160.0 0.066
161.0 0.028
162.0 0.022
163.0 0.015
164.0 0.022
165.0 0.039
166.0 0.038
167.0 0.03
168.0 0.026
169.0 0.047
170.0 0.055
171.0 0.046
172.0 0.101
173.0 0.041
174.0 0.04
175.0 0.146
176.0 0.033
177.0 0.023
178.0 0.029
179.0 0.024
180.0 0.017
181.0 0.028
182.0 0.024
183.0 0.035
184.0 0.038
185.0 0.029
186.0 0.033
187.0 0.017
188.0 0.166
189.0 0.03
190.0 0.021
191.0 0.018
192.0 0.02
193.0 0.059
194.0 0.023
195.0 0.035
196.0 0.024
197.0 0.026
198.0 0.025
199.0 0.017
200.0 0.017
201.0 0.012
202.0 0.01
203.0 0.006
204.0 0.012
205.0 0.014
206.0 0.015
207.0 0.069
208.0 0.031
209.0 0.032
210.0 0.023
211.0 0.024
212.0 0.025
213.0 0.013
214.0 0.017
215.0 0.01
216.0 0.005
217.0 0.004
218.0 0.006
219.0 0.007
220.0 0.007
221.0 0.024
222.0 0.017
223.0 0.018
224.0 0.022
225.0 0.022
226.0 0.027
227.0 0.021
228.0 0.01
229.0 0.004
230.0 0.005
231.0 0.004
232.0 0.007
233.0 0.006
234.0 0.007
235.0 0.011
236.0 0.014
237.0 0.016
238.0 0.025
239.0 0.014
240.0 0.015
241.0 0.009
242.0 0.018
243.0 0.007
244.0 0.004
245.0 0.003
246.0 0.008
247.0 0.006
248.0 0.006
249.0 0.014
250.0 0.011
251.0 0.024
252.0 0.025
253.0 0.03
254.0 0.024
255.0 0.009
256.0 0.006
257.0 0.002
258.0 0.011
259.0 0.005
260.0 0.007
261.0 0.005
262.0 0.007
263.0 0.007
264.0 0.009
265.0 0.01
266.0 0.019
267.0 0.028
268.0 0.028
269.0 0.02
270.0 0.008
271.0 0.003
272.0 0.01
273.0 0.092
274.0 0.023
275.0 0.007
276.0 0.009
277.0 0.006
278.0 0.01
279.0 0.018
280.0 0.013
281.0 0.023
282.0 0.007
283.0 0.006
284.0 0.011
285.0 0.006
286.0 0.137
287.0 0.031
288.0 0.005
289.0 0.001
290.0 0.008
291.0 0.006
292.0 0.006
293.0 0.012
294.0 0.013
295.0 0.046
296.0 0.016
297.0 0.005
298.0 0.033
299.0 0.011
300.0 0.01
301.0 0.003
302.0 0.001
303.0 0.001
304.0 0.002
305.0 0.001
306.0 0.001
307.0 0.011
308.0 0.01
309.0 0.005
310.0 0.004
311.0 0.011
312.0 0.005
313.0 0.004
314.0 0.002
315.0 0.001
316.0 0.001
317.0 0.0
318.0 0.002
319.0 0.001
320.0 0.001
321.0 0.0
322.0 0.003
323.0 0.003
324.0 0.003
325.0 0.012
326.0 0.027
327.0 0.022
328.0 0.006
329.0 0.002
330.0 0.001
331.0 0.0
332.0 0.0
334.0 0.001
335.0 0.001
336.0 0.001
337.0 0.0
338.0 0.001
339.0 0.007
340.0 0.004
341.0 0.015
342.0 0.005
343.0 0.004
344.0 0.001
345.0 0.001
346.0 0.0
348.0 0.0
349.0 0.001
350.0 0.0
351.0 0.0
352.0 0.001
353.0 0.001
354.0 0.001
355.0 0.007
356.0 0.005
357.0 0.028
358.0 0.01
359.0 0.002
361.0 0.0
362.0 0.0
363.0 0.001
364.0 0.0
365.0 0.0
366.0 0.001
367.0 0.006
368.0 0.003
369.0 0.003
370.0 0.005
371.0 0.003
372.0 0.001
373.0 0.001
374.0 0.0
375.0 0.0
376.0 0.0
377.0 0.0
379.0 0.0
380.0 0.001
381.0 0.002
382.0 0.003
383.0 0.019
384.0 0.011
385.0 0.006
386.0 0.002
387.0 0.003
388.0 0.002
389.0 0.001
390.0 0.001
391.0 0.0
392.0 0.0
393.0 0.0
394.0 0.0
395.0 0.0
396.0 0.001
397.0 0.009
398.0 0.021
399.0 0.018
400.0 0.009
401.0 0.008
402.0 0.004
403.0 0.003
404.0 0.001
405.0 0.0
407.0 0.0
408.0 0.0
410.0 0.0
411.0 0.0
412.0 0.001
413.0 0.006
414.0 0.005
415.0 0.011
416.0 0.005
417.0 0.003
418.0 0.001
419.0 0.001
420.0 0.0
422.0 0.0
424.0 0.0
425.0 0.0
426.0 0.0
427.0 0.002
428.0 0.017
429.0 0.128
430.0 0.086
431.0 0.031
432.0 0.008
433.0 0.002
434.0 0.0
435.0 0.0
439.0 0.0
441.0 0.0
442.0 0.001
443.0 0.001
444.0 0.001
445.0 0.002
446.0 0.001
447.0 0.001
448.0 0.0
449.0 0.0
450.0 0.0
451.0 0.0
452.0 0.0
453.0 0.0
454.0 0.0
455.0 0.0
457.0 0.0
458.0 0.0
459.0 0.006
460.0 0.066
461.0 0.039
462.0 0.013
463.0 0.003
464.0 0.0
469.0 0.0
472.0 0.0
473.0 0.0
474.0 0.001
477.0 0.001
478.0 0.0
479.0 0.0
483.0 0.0
489.0 0.003
491.0 0.001
494.0 0.0
500.0 0.0
508.0 0.0
520.0 0.0
524.0 0.0
530.0 0.0
534.0 0.0
548.0 0.001
549.0 0.003
550.0 0.003
551.0 0.001
552.0 0.0
553.0 0.0
554.0 0.0
570.0 0.0
578.0 0.0
595.0 0.0
598.0 0.0
