61.02840582 0.7156811309
147.0651853 0.7484327705
163.0600999 4.746631531
181.0706646 7.428516009
325.1129233 1.564769004
528.1922958 1.273295795
544.1872104 1.330274907
674.2502046 4.98753489
692.2607693 3.477652751
836.303028 1.080933316
1039.382401 1.837794079
1055.377315 3.065300121
1071.37223 1.07303731
1159.424659 1.118372923
1175.419574 2.215713499
1185.440309 6.396754851
1201.435224 11.73427169
1203.450874 1.955594331
1219.445789 2.850200592
1323.493133 1.497220263
1347.493133 18.1109071
1365.503697 1.494898685
