41.00219012 0.715895505
42.01001472 1.133421803
43.01783932 10.9453733
43.98927962 1.304352897
44.02566392 0.685570617
44.04947222 0.4848194137
44.99710422 0.4150373724
57.05729682 0.669617512
58.00492882 0.4204144759
58.06512142 5.284383782
59.01275342 2.289906435
59.07294602 1.628813625
60.08077062 2.916421399
73.08859522 16.81927994
74.09158313 0.842685973
74.09641982 39.54131472
75.09941755 1.987046105
98.09641982 0.6680000225
100.112069 1.047610717
130.0260554 0.5729441388
131.03388 0.6271080679
142.086248 0.9763494629
143.0940726 1.490463519
144.0417046 0.40538802
144.1018972 2.637448717
145.0495292 0.5965274896
157.1097218 0.4387183162
160.0968113 0.4564238239
186.1124605 0.8366774464
188.0917254 0.6360767384
203.1151992 0.5259086407
