82.0 0.001001001
83.0 0.002002002
84.0 0.023023023
85.0 0.015015015
86.0 0.4994994995
87.0 0.0720720721
88.0 0.027027027
89.0 0.005005005
93.0 0.002002002
95.0 0.004004004
98.0 0.002002002
99.0 0.008008008
100.0 0.3203203203
101.0 0.0800800801
102.0 0.0500500501
103.0 0.032032032
104.0 0.006006006
105.0 0.009009009
106.0 0.001001001
112.0 0.001001001
113.0 0.014014014
114.0 0.011011011
115.0 0.018018018
116.0 0.027027027
117.0 0.0740740741
118.0 0.014014014
119.0 0.018018018
120.0 0.001001001
121.0 0.001001001
128.0 0.001001001
129.0 0.004004004
130.0 0.0550550551
131.0 0.0620620621
132.0 0.018018018
133.0 0.1431431431
134.0 0.023023023
135.0 0.015015015
136.0 0.002002002
142.0 0.002002002
143.0 0.001001001
144.0 0.018018018
145.0 0.005005005
146.0 0.009009009
147.0 0.3723723724
148.0 0.0620620621
149.0 0.033033033
150.0 0.003003003
151.0 0.001001001
158.0 0.01001001
159.0 0.003003003
160.0 0.005005005
161.0 0.001001001
172.0 0.011011011
173.0 0.004004004
174.0 1.0
175.0 0.1821821822
176.0 0.0960960961
177.0 0.019019019
178.0 0.003003003
179.0 0.001001001
187.0 0.001001001
188.0 0.011011011
189.0 0.003003003
190.0 0.003003003
191.0 0.001001001
192.0 0.001001001
202.0 0.006006006
203.0 0.001001001
204.0 0.005005005
205.0 0.001001001
246.0 0.014014014
247.0 0.003003003
248.0 0.1781781782
249.0 0.046046046
250.0 0.026026026
251.0 0.005005005
276.0 0.018018018
277.0 0.002002002
278.0 0.001001001
