104.0368962 4.333607884
106.0413131 2.894992332
106.0525454 3.576092621
107.06037 1.64958226
128.0368962 3.212502246
142.0525454 2.327055782
144.0681946 1.964217224
152.0368962 1.993698214
154.0525454 3.50438955
156.0681946 3.170539903
157.0760192 1.683756395
158.0838438 1.919674842
166.0525454 2.537770725
167.06037 4.134020919
168.0681946 4.829214275
169.0522109 2.554517765
169.0760192 5.753102451
170.0600355 1.869306669
171.0678601 3.16096598
172.0756847 3.334509998
180.0681946 1.776926404
181.0760192 1.905790983
182.0474595 1.845003393
182.0838438 2.966789968
184.0631087 3.121313451
185.0835093 1.893798656
186.0787579 3.256752659
196.0631087 3.071255184
197.0709333 6.028901184
211.0865825 3.232605783
212.0944071 10.4973443
