41.03857442 1.562948735
42.04639902 1.00860018
44.99710422 3.074734929
55.05422362 1.017178986
73.01064442 2.474752232
74.01846902 1.186999873
90.04639902 2.876160489
91.05422362 1.658754638
104.0494722 1.315995505
105.0572968 3.121243889
106.0651214 1.143836294
114.0371914 0.9773308161
146.0964198 1.802008343
147.1042444 3.165374419
148.112069 1.100250047
159.0348442 0.9737607988
187.0297583 0.8215769127
189.1022317 0.7543861579
190.1100563 0.7945080009
199.0297583 0.8358238284
215.0814966 0.9214989495
229.0971458 1.827253818
230.1049704 1.72849645
256.0876037 1.278836139
256.1080436 0.8963373634
289.0879382 1.141117945
360.1376245 1.152491781
361.1454491 1.977650433
371.1297999 0.8952691397
372.1376245 0.8589260305
374.1168894 2.501947219
