41.00219012 1.749233454
43.01783932 4.297767732
71.03115062 1.097910393
73.01041552 0.8015922235
73.04679982 6.089450386
75.02606472 2.770451498
75.06244902 1.30439651
89.04171392 4.419228792
90.04953852 1.242305348
91.05736312 3.002431076
459.1074316 1.056546234
485.1230808 0.7945417766
503.1336441 0.8749599533
529.1492933 1.222427261
545.1442074 0.7527565756
545.1626046 0.8403369152
559.1418695 2.165114114
560.1447755 0.8527876188
560.1496941 1.113895601
561.1575187 1.064019787
573.1575187 1.610413772
574.1653433 1.282730249
575.1731679 3.826742718
576.1760913 1.552396745
576.1809925 0.9090486919
588.1809925 1.189613929
601.1888171 0.7652187944
602.1602574 1.518071397
603.168082 8.230844225
604.1710181 3.434232092
605.1715613 1.134023654
