27.02292522 1.089274163
39.02292522 0.7619042783
41.03857442 3.004157837
42.04639902 1.652257822
43.05422362 0.7283800152
70.06512142 1.131786407
84.08077062 1.147758671
98.09641982 0.87316062
124.0756847 1.041067338
125.0835093 0.8689125828
126.0913339 1.141654068
151.0183253 0.896428101
151.0309013 0.6887782837
152.0261499 7.150495254
153.0292914 0.674134089
153.0339745 4.746621319
154.0233106 2.344868141
154.0417991 6.816854966
155.0311358 1.556630801
156.0389609 2.235650177
165.0465505 1.054123699
166.0417991 1.272856857
167.0496237 1.704149871
179.0621997 0.8451667698
180.0574483 3.675081029
181.0652729 6.049376781
182.0546749 1.213647732
182.0684752 0.7102930405
183.0625002 1.997834461
207.0571138 0.7675994174
236.0836608 0.6958520524
