85.0 0.0810810811
86.0 0.036036036
87.0 0.0560560561
88.0 0.047047047
89.0 0.1041041041
90.0 0.043043043
91.0 0.1891891892
92.0 0.029029029
93.0 0.0680680681
94.0 0.016016016
95.0 0.047047047
96.0 0.02002002
97.0 0.041041041
98.0 0.023023023
99.0 0.1531531532
100.0 0.023023023
101.0 0.046046046
102.0 0.032032032
103.0 0.1491491491
104.0 0.0670670671
105.0 0.1671671672
106.0 0.031031031
107.0 0.0710710711
108.0 0.013013013
109.0 0.048048048
110.0 0.022022022
111.0 0.032032032
112.0 0.018018018
113.0 0.028028028
114.0 0.024024024
115.0 0.1711711712
116.0 0.04004004
117.0 0.0770770771
118.0 0.033033033
119.0 0.1561561562
120.0 0.046046046
121.0 0.1551551552
122.0 0.02002002
123.0 0.036036036
124.0 0.009009009
125.0 0.015015015
126.0 0.022022022
127.0 0.049049049
128.0 0.044044044
129.0 0.0610610611
130.0 0.007007007
131.0 0.1261261261
132.0 0.033033033
133.0 0.5895895896
134.0 0.1091091091
135.0 0.2542542543
136.0 0.035035035
137.0 0.0500500501
138.0 0.038038038
139.0 0.0600600601
140.0 0.022022022
141.0 0.0570570571
142.0 0.023023023
143.0 0.0700700701
144.0 0.014014014
145.0 0.0580580581
146.0 0.032032032
147.0 0.4174174174
148.0 0.0900900901
149.0 0.1611611612
150.0 0.0740740741
151.0 0.0860860861
152.0 0.0610610611
153.0 0.0600600601
154.0 0.022022022
155.0 0.048048048
156.0 0.02002002
157.0 0.041041041
158.0 0.015015015
159.0 0.031031031
160.0 0.013013013
161.0 0.0600600601
162.0 0.036036036
163.0 0.1361361361
164.0 0.0630630631
165.0 0.1851851852
166.0 0.0540540541
167.0 0.0610610611
168.0 0.036036036
169.0 0.047047047
170.0 0.02002002
171.0 0.038038038
172.0 0.011011011
173.0 0.024024024
174.0 0.016016016
175.0 0.0510510511
176.0 0.0680680681
177.0 0.1591591592
178.0 0.1091091091
179.0 0.1401401401
180.0 0.043043043
181.0 0.0580580581
182.0 0.023023023
183.0 0.043043043
184.0 0.041041041
185.0 0.029029029
186.0 0.018018018
187.0 0.036036036
188.0 0.024024024
189.0 0.1191191191
190.0 0.0530530531
191.0 0.2282282282
192.0 0.0780780781
193.0 0.5685685686
194.0 0.1171171171
195.0 0.1051051051
196.0 0.024024024
197.0 0.037037037
198.0 0.025025025
199.0 0.035035035
200.0 0.018018018
201.0 0.026026026
202.0 0.0520520521
203.0 0.0600600601
204.0 0.024024024
205.0 0.0720720721
206.0 0.048048048
207.0 0.1761761762
208.0 0.037037037
209.0 0.0850850851
210.0 0.035035035
211.0 0.04004004
212.0 0.019019019
213.0 0.024024024
214.0 0.045045045
215.0 0.041041041
216.0 0.018018018
217.0 0.038038038
218.0 0.027027027
219.0 0.0550550551
220.0 0.045045045
221.0 0.0820820821
222.0 0.029029029
223.0 0.0830830831
224.0 0.035035035
225.0 0.037037037
226.0 0.009009009
227.0 0.049049049
228.0 0.0740740741
229.0 0.034034034
230.0 0.008008008
231.0 0.016016016
232.0 0.014014014
233.0 0.042042042
234.0 0.025025025
235.0 0.0870870871
236.0 0.1061061061
237.0 0.0950950951
238.0 0.026026026
239.0 0.0580580581
240.0 0.033033033
241.0 0.031031031
242.0 0.016016016
243.0 0.025025025
244.0 0.011011011
245.0 0.016016016
246.0 0.009009009
247.0 0.032032032
248.0 0.023023023
249.0 0.0500500501
250.0 0.025025025
251.0 0.0580580581
252.0 0.038038038
253.0 0.0660660661
254.0 0.022022022
255.0 0.031031031
256.0 0.019019019
257.0 0.044044044
258.0 0.026026026
259.0 0.016016016
260.0 0.011011011
261.0 0.019019019
262.0 0.013013013
263.0 0.033033033
264.0 0.0570570571
265.0 0.0940940941
266.0 0.0530530531
267.0 0.0790790791
268.0 0.04004004
269.0 0.0570570571
270.0 0.032032032
271.0 0.0630630631
272.0 1.0
273.0 0.3883883884
274.0 0.0610610611
275.0 0.028028028
276.0 0.008008008
277.0 0.036036036
278.0 0.022022022
279.0 0.0910910911
280.0 0.0830830831
281.0 0.0560560561
282.0 0.025025025
283.0 0.038038038
284.0 0.013013013
285.0 0.034034034
286.0 0.024024024
287.0 0.049049049
288.0 0.02002002
289.0 0.026026026
290.0 0.006006006
291.0 0.023023023
292.0 0.011011011
293.0 0.046046046
294.0 0.028028028
295.0 0.0880880881
296.0 0.041041041
297.0 0.048048048
298.0 0.015015015
299.0 0.019019019
300.0 0.003003003
301.0 0.019019019
302.0 0.009009009
303.0 0.012012012
304.0 0.01001001
305.0 0.022022022
306.0 0.021021021
307.0 0.042042042
308.0 0.031031031
309.0 0.0510510511
310.0 0.031031031
311.0 0.0600600601
312.0 0.03003003
313.0 0.045045045
314.0 0.024024024
315.0 0.017017017
316.0 0.006006006
317.0 0.007007007
318.0 0.01001001
319.0 0.009009009
320.0 0.007007007
321.0 0.032032032
322.0 0.034034034
323.0 0.0510510511
324.0 0.037037037
325.0 0.0820820821
326.0 0.041041041
327.0 0.041041041
328.0 0.021021021
329.0 0.015015015
330.0 0.002002002
331.0 0.019019019
332.0 0.015015015
333.0 0.007007007
334.0 0.009009009
335.0 0.015015015
336.0 0.022022022
337.0 0.048048048
338.0 0.027027027
339.0 0.0620620621
340.0 0.049049049
341.0 0.1101101101
342.0 0.0600600601
343.0 0.1041041041
344.0 0.037037037
345.0 0.023023023
346.0 0.013013013
347.0 0.019019019
348.0 0.012012012
349.0 0.019019019
350.0 0.018018018
351.0 0.024024024
352.0 0.021021021
353.0 0.0580580581
354.0 0.039039039
355.0 0.0730730731
356.0 0.028028028
357.0 0.0550550551
358.0 0.021021021
359.0 0.018018018
360.0 0.004004004
361.0 0.009009009
362.0 0.009009009
363.0 0.015015015
364.0 0.013013013
365.0 0.024024024
366.0 0.032032032
367.0 0.049049049
368.0 0.042042042
369.0 0.0740740741
370.0 0.0530530531
371.0 0.0550550551
372.0 0.026026026
373.0 0.018018018
374.0 0.001001001
375.0 0.011011011
376.0 0.005005005
377.0 0.017017017
378.0 0.019019019
379.0 0.024024024
380.0 0.022022022
381.0 0.045045045
382.0 0.035035035
383.0 0.0940940941
384.0 0.0650650651
385.0 0.0950950951
386.0 0.0690690691
387.0 0.04004004
388.0 0.025025025
389.0 0.007007007
390.0 0.004004004
391.0 0.004004004
392.0 0.013013013
393.0 0.041041041
394.0 0.04004004
395.0 0.038038038
396.0 0.044044044
397.0 0.0930930931
398.0 0.0590590591
399.0 0.0700700701
400.0 0.034034034
401.0 0.027027027
402.0 0.012012012
403.0 0.008008008
404.0 0.007007007
405.0 0.003003003
406.0 0.003003003
407.0 0.003003003
408.0 0.004004004
409.0 0.022022022
410.0 0.025025025
411.0 0.045045045
412.0 0.0710710711
413.0 0.1011011011
414.0 0.0990990991
415.0 0.2762762763
416.0 0.1441441441
417.0 0.1171171171
418.0 0.049049049
419.0 0.027027027
420.0 0.002002002
421.0 0.006006006
422.0 0.002002002
423.0 0.004004004
424.0 0.01001001
425.0 0.02002002
426.0 0.023023023
427.0 0.0590590591
428.0 0.0600600601
429.0 0.0900900901
430.0 0.0640640641
431.0 0.04004004
432.0 0.016016016
433.0 0.004004004
434.0 0.008008008
436.0 0.008008008
437.0 0.012012012
438.0 0.005005005
439.0 0.021021021
440.0 0.018018018
441.0 0.046046046
442.0 0.0760760761
443.0 0.2152152152
444.0 0.1641641642
445.0 0.0720720721
446.0 0.035035035
447.0 0.015015015
448.0 0.009009009
450.0 0.009009009
451.0 0.001001001
452.0 0.003003003
453.0 0.016016016
454.0 0.018018018
455.0 0.0540540541
456.0 0.0760760761
457.0 0.1621621622
458.0 0.2602602603
459.0 0.2092092092
460.0 0.1181181181
461.0 0.04004004
462.0 0.016016016
463.0 0.007007007
464.0 0.006006006
465.0 0.004004004
466.0 0.01001001
467.0 0.015015015
468.0 0.021021021
469.0 0.0640640641
470.0 0.0850850851
471.0 0.1501501502
472.0 0.1021021021
473.0 0.1041041041
474.0 0.0600600601
475.0 0.035035035
476.0 0.011011011
477.0 0.004004004
478.0 0.007007007
479.0 0.001001001
480.0 0.001001001
481.0 0.004004004
482.0 0.005005005
483.0 0.045045045
484.0 0.1071071071
485.0 0.2152152152
486.0 0.3833833834
487.0 0.5985985986
488.0 0.3813813814
489.0 0.2702702703
490.0 0.1711711712
491.0 0.0810810811
492.0 0.031031031
493.0 0.01001001
494.0 0.003003003
495.0 0.003003003
496.0 0.007007007
498.0 0.008008008
499.0 0.014014014
500.0 0.02002002
