27.02292522 2.481670844
41.00219012 0.7999645908
43.01783932 9.266153992
44.02566392 1.9863804
45.03348852 18.34570387
46.04131312 0.8518266236
55.05422362 1.925188645
57.03348852 1.711872599
58.04131312 1.702593245
59.04913772 5.284381638
69.03348852 0.8488511451
72.05696232 1.139850827
73.06478692 1.916813063
87.04405182 12.36722092
88.05187642 0.7520376358
104.0467905 0.9402314938
105.0546151 0.7600443623
117.0546151 1.666377266
118.0624397 0.7529744764
130.0624397 1.383597796
131.0702643 1.529521332
132.0780889 1.994285
133.0859135 1.109220426
134.0937381 0.9990440827
158.0937381 2.159918862
159.1015627 1.765748822
160.073003 1.713907447
161.0808276 2.015484132
