31.01783932 1.152879281
60.02057802 0.6952250548
73.02840262 1.955052415
74.03622722 1.662195166
89.02331672 2.40046648
102.0311413 0.9607870436
103.0389659 1.571714621
104.0467905 1.193897802
119.03388 0.7387018415
133.0495292 0.7057050458
134.0573538 1.119048032
163.0600925 1.856060219
297.1485103 1.012813729
301.1434244 0.8065442624
316.1668982 0.713112533
403.1751143 0.783559362
417.1907635 0.9817181478
418.1985881 0.81601255
433.1856776 1.715139012
434.1935022 1.354065953
447.2013268 2.045756779
448.2091514 1.213452765
476.2040655 1.945758959
477.2118901 4.845325701
478.2153058 1.396291029
478.2197147 1.361051554
490.2197147 2.401394697
491.2231296 0.7192578867
491.2275393 2.499412902
492.2309556 0.7489909471
493.2068042 0.8570541213
