85.0 4.804805
87.0 2.902903
88.0 0.2002
89.0 5.705706
90.0 1.201201
91.0 0.800801
94.0 0.4004
95.0 1.001001
97.0 1.201201
99.0 3.603604
100.0 0.2002
101.0 7.807808
102.0 1.201201
103.0 67.067067
104.0 5.005005
105.0 2.902903
109.0 1.501502
111.0 8.308308
113.0 2.202202
114.0 0.1001
115.0 16.216216
116.0 4.904905
117.0 91.491491
118.0 8.508509
119.0 4.904905
121.0 0.3003
123.0 0.2002
124.0 0.1001
125.0 0.1001
127.0 2.002002
128.0 0.2002
129.0 59.75976
130.0 16.616617
131.0 30.830831
132.0 2.902903
133.0 23.623624
134.0 2.402402
135.0 2.002002
136.0 0.1001
137.0 0.1001
139.0 0.2002
141.0 3.803804
142.0 1.101101
143.0 21.421421
144.0 2.202202
145.0 4.604605
146.0 0.3003
147.0 100.0
148.0 13.813814
149.0 11.711712
150.0 0.700701
151.0 0.900901
153.0 0.2002
154.0 0.1001
155.0 18.118118
156.0 2.802803
157.0 25.425425
158.0 2.602603
159.0 5.405405
160.0 0.500501
161.0 1.301301
163.0 2.502503
164.0 0.1001
165.0 0.2002
167.0 1.401401
169.0 6.906907
170.0 0.600601
171.0 8.408408
172.0 0.800801
173.0 1.601602
175.0 3.403403
176.0 0.1001
177.0 0.700701
181.0 0.2002
183.0 18.618619
184.0 2.602603
185.0 2.402402
186.0 0.1001
187.0 0.1001
189.0 13.713714
190.0 2.202202
191.0 34.234234
192.0 4.304304
193.0 3.903904
194.0 0.1001
195.0 0.2002
197.0 0.1001
199.0 1.601602
201.0 1.601602
202.0 0.1001
203.0 2.402402
204.0 19.91992
205.0 7.607608
206.0 2.202202
207.0 2.202202
208.0 1.001001
209.0 0.4004
215.0 1.201201
217.0 53.253253
218.0 11.611612
219.0 5.405405
220.0 1.101101
221.0 1.801802
222.0 0.4004
223.0 0.3003
227.0 0.1001
229.0 6.806807
230.0 2.002002
231.0 8.708709
232.0 1.801802
233.0 1.501502
237.0 0.3003
238.0 0.1001
239.0 7.207207
240.0 0.700701
241.0 0.2002
242.0 0.1001
243.0 2.602603
244.0 0.2002
245.0 9.009009
246.0 1.701702
247.0 2.202202
248.0 0.1001
250.0 0.2002
251.0 0.2002
252.0 0.2002
255.0 0.1001
257.0 5.805806
258.0 1.001001
259.0 0.700701
260.0 0.2002
261.0 0.2002
263.0 0.3003
264.0 0.2002
266.0 0.900901
267.0 0.600601
269.0 0.1001
271.0 4.004004
272.0 1.101101
273.0 38.538539
274.0 7.807808
275.0 2.902903
276.0 0.600601
277.0 0.800801
278.0 0.2002
279.0 0.3003
280.0 0.3003
281.0 0.3003
289.0 2.102102
290.0 0.4004
291.0 0.700701
292.0 0.1001
293.0 0.3003
294.0 0.2002
295.0 0.1001
296.0 0.2002
304.0 0.1001
305.0 0.900901
306.0 0.4004
308.0 0.1001
310.0 0.1001
311.0 2.602603
312.0 0.4004
313.0 0.1001
316.0 0.2002
317.0 3.303303
318.0 1.101101
319.0 7.607608
320.0 3.303303
321.0 1.501502
322.0 0.2002
332.0 1.001001
333.0 0.600601
334.0 0.1001
353.0 0.1001
361.0 2.102102
362.0 1.801802
363.0 20.520521
364.0 7.107107
365.0 3.303303
366.0 1.501502
367.0 5.605606
368.0 4.104104
369.0 1.501502
370.0 0.500501
377.0 0.1001
381.0 0.2002
393.0 0.1001
403.0 0.1001
407.0 0.1001
409.0 0.1001
434.0 0.500501
435.0 0.700701
440.0 0.1001
441.0 0.1001
442.0 0.2002
450.0 0.800801
451.0 7.507508
452.0 4.404404
453.0 1.801802
454.0 0.1001
456.0 0.2002
471.0 0.1001
494.0 0.2002
