85.0 0.047047047
86.0 0.007007007
87.0 0.025025025
88.0 0.019019019
89.0 0.0970970971
90.0 0.014014014
91.0 0.1881881882
92.0 0.031031031
93.0 0.04004004
95.0 0.024024024
96.0 0.031031031
97.0 0.026026026
98.0 0.007007007
99.0 0.1341341341
100.0 0.031031031
101.0 0.033033033
102.0 0.038038038
103.0 0.0890890891
104.0 0.006006006
105.0 0.0970970971
106.0 0.013013013
107.0 0.044044044
109.0 0.025025025
110.0 0.005005005
111.0 0.009009009
113.0 0.006006006
115.0 0.1041041041
116.0 0.006006006
117.0 0.041041041
118.0 0.003003003
119.0 0.0580580581
120.0 0.006006006
121.0 0.0570570571
122.0 0.014014014
123.0 0.039039039
124.0 0.004004004
125.0 0.034034034
126.0 0.014014014
128.0 0.005005005
129.0 0.031031031
131.0 0.0530530531
133.0 0.3083083083
134.0 0.026026026
135.0 0.1531531532
137.0 0.023023023
138.0 0.016016016
139.0 0.009009009
140.0 0.003003003
141.0 0.028028028
142.0 0.007007007
143.0 0.039039039
145.0 0.036036036
146.0 0.016016016
147.0 0.3153153153
148.0 0.0740740741
149.0 0.1311311311
150.0 0.042042042
151.0 0.1541541542
152.0 0.049049049
153.0 0.022022022
154.0 0.005005005
155.0 0.027027027
157.0 0.017017017
159.0 0.006006006
161.0 0.1151151151
162.0 0.021021021
163.0 0.0680680681
164.0 0.014014014
165.0 0.0620620621
166.0 0.0530530531
167.0 0.041041041
168.0 0.007007007
169.0 0.009009009
170.0 0.015015015
171.0 0.026026026
172.0 0.001001001
173.0 0.012012012
175.0 0.0560560561
176.0 0.024024024
177.0 0.4074074074
178.0 0.0760760761
179.0 0.6976976977
180.0 0.1081081081
181.0 0.0720720721
183.0 0.008008008
185.0 0.037037037
186.0 0.005005005
187.0 0.003003003
189.0 0.026026026
190.0 0.004004004
191.0 0.035035035
192.0 0.2102102102
193.0 0.0920920921
194.0 0.0510510511
195.0 0.035035035
197.0 0.023023023
201.0 0.006006006
203.0 0.018018018
204.0 0.001001001
205.0 0.007007007
206.0 0.007007007
207.0 0.041041041
208.0 0.013013013
209.0 0.041041041
210.0 0.019019019
211.0 0.014014014
214.0 0.009009009
215.0 0.011011011
217.0 0.005005005
219.0 0.022022022
220.0 0.023023023
221.0 0.019019019
222.0 0.04004004
223.0 0.031031031
224.0 0.02002002
225.0 0.033033033
227.0 0.002002002
229.0 0.1561561562
230.0 0.049049049
235.0 0.0640640641
236.0 0.009009009
237.0 0.023023023
238.0 0.008008008
239.0 0.1411411411
240.0 0.0550550551
241.0 0.001001001
242.0 0.002002002
243.0 0.004004004
247.0 0.017017017
249.0 0.021021021
250.0 0.013013013
251.0 0.004004004
252.0 0.027027027
253.0 0.0600600601
254.0 0.019019019
255.0 0.002002002
257.0 0.002002002
259.0 0.01001001
263.0 0.004004004
264.0 0.007007007
265.0 0.015015015
266.0 0.025025025
267.0 0.026026026
268.0 0.0760760761
269.0 0.1471471471
270.0 0.021021021
274.0 0.006006006
276.0 0.005005005
279.0 0.031031031
280.0 0.002002002
281.0 0.1441441441
282.0 0.0530530531
283.0 0.045045045
284.0 0.015015015
285.0 0.001001001
288.0 0.004004004
290.0 0.012012012
291.0 0.012012012
293.0 0.008008008
294.0 0.007007007
295.0 0.0650650651
296.0 0.6966966967
297.0 0.2222222222
298.0 0.1011011011
299.0 0.021021021
305.0 0.005005005
306.0 0.01001001
307.0 0.1011011011
308.0 0.045045045
309.0 0.009009009
310.0 0.01001001
311.0 0.026026026
312.0 0.002002002
313.0 0.005005005
316.0 0.007007007
317.0 0.007007007
321.0 0.006006006
322.0 0.01001001
323.0 0.0770770771
324.0 0.027027027
325.0 0.008008008
327.0 0.002002002
337.0 0.004004004
339.0 0.005005005
340.0 0.006006006
341.0 0.013013013
342.0 0.002002002
343.0 0.018018018
344.0 0.012012012
349.0 0.001001001
351.0 0.011011011
354.0 0.003003003
355.0 0.005005005
362.0 0.003003003
368.0 0.015015015
369.0 0.017017017
370.0 0.033033033
371.0 0.011011011
373.0 0.016016016
374.0 0.003003003
376.0 0.001001001
382.0 0.02002002
384.0 0.01001001
385.0 0.0880880881
386.0 0.023023023
387.0 0.019019019
394.0 0.001001001
398.0 0.002002002
399.0 0.019019019
400.0 0.034034034
401.0 0.017017017
415.0 0.023023023
416.0 0.015015015
434.0 0.004004004
435.0 0.002002002
443.0 0.017017017
445.0 0.001001001
447.0 0.001001001
455.0 0.002002002
456.0 0.019019019
458.0 0.003003003
459.0 0.009009009
460.0 0.005005005
461.0 0.012012012
462.0 0.009009009
468.0 0.004004004
469.0 0.011011011
470.0 0.021021021
471.0 0.0980980981
472.0 0.2402402402
473.0 1.0
474.0 0.4784784785
475.0 0.1881881882
476.0 0.0720720721
477.0 0.008008008
478.0 0.009009009
486.0 0.009009009
487.0 0.1171171171
488.0 0.0870870871
489.0 0.021021021
491.0 0.005005005
492.0 0.001001001
493.0 0.001001001
495.0 0.001001001
