73.04018778 16.07433749
75.05583784 2.042927662
84.08132432 1.258207367
162.0555035 1.785181599
186.1242518 7.238454142
207.0769672 1.754222239
275.1395675 1.757970683
285.1926657 1.533137265
304.1661166 1.234085295
320.1610312 3.08618486
448.2196087 2.48358258
543.220337 1.058552194
544.2519714 1.979442189
545.235987 2.093129388
545.235987 1.29914527
547.2516371 2.532667951
560.246886 1.790885929
562.2625361 10.74385361
589.2734351 1.842711043
591.2890852 2.414207172
593.3047353 1.554305141
637.2768063 2.64303357
723.259442 1.291818907
792.3172912 1.12250363
884.4266413 1.234654966
905.4013552 1.400884868
962.4228189 2.984958724
964.4384689 1.04074284
989.4337179 11.00985527
990.4177335 6.277780119
1007.444283 3.43657604
