27.02292522 1.078885079
29.03857442 1.255862708
41.03857442 1.132981582
43.05422362 1.50841709
44.99710422 6.700243965
55.05422362 1.120529751
57.06987282 1.491843857
69.06987282 1.255216558
71.08552202 1.690487308
85.02840262 1.120048069
97.10117122 1.203125783
99.04405182 1.107877375
111.1168204 1.083382977
113.059701 1.095968337
123.1168204 1.374650334
125.1324696 2.142304016
127.0753502 1.227995492
137.1324696 1.476627502
139.1481188 1.811258418
151.1481188 1.040760312
153.163768 1.385669216
155.1066486 1.177577787
167.1794172 1.371671023
169.1222978 1.05110032
179.1794172 1.283528231
181.1950664 1.600263889
193.1950664 1.062271501
195.2107156 1.310190719
208.2185402 1.124718378
211.1692454 1.340543925
225.1848946 1.231854228
