27.02292522 1.161821466
29.03857442 1.352403774
41.03857442 1.220076493
43.05422362 1.624372595
44.99710422 3.384392891
55.05422362 2.58657495
56.01308792 1.100176389
57.06987282 1.606525339
69.06987282 1.098774182
71.08552202 1.329405871
73.01064442 1.883015708
74.01846902 1.280151894
83.08552202 1.270554992
84.00800202 1.83111261
85.10117122 2.097600136
99.11682042 1.82321495
127.1117345 1.640378104
140.0705988 0.9656577794
154.086248 0.8880249686
159.0348442 1.018337402
181.1097218 0.8507656413
182.1175464 2.80172822
183.125371 1.428109833
208.1206196 0.8194751375
209.1284442 1.087839488
242.1083388 1.175050657
297.163111 0.8475311309
314.1658497 1.725985668
324.1502005 0.8768773912
325.1580251 0.8777235433
327.13729 2.003456901
