41.03857442 2.323896513
42.04639902 1.412809387
44.01308792 0.9652913139
44.99710422 5.284013531
55.05422362 1.303018823
65.03857442 1.415011113
73.01064442 3.177829585
74.01846902 1.340375867
84.00800202 1.229426476
94.04131312 5.180026599
95.04913772 1.352593108
100.0518764 0.8948442912
107.0491377 1.539275362
135.0440518 1.171886536
150.0549496 0.8330207005
151.0627742 0.9545738402
159.0348442 0.8475722177
190.0498637 2.76851724
191.0576883 1.427009498
216.0563053 0.9190224445
217.0607615 0.9164455452
250.0406561 1.647459126
250.0896164 1.159406115
275.0662389 0.9757233325
304.0876037 0.995700592
305.0954283 0.9556388796
317.1131865 0.8885544159
322.098167 1.302305607
332.0825178 1.187036824
333.0903424 1.11124087
335.0696073 1.230160197
