41.03857442 0.8888302978
43.98927962 0.690403991
44.99710422 4.975587998
55.05422362 2.609664083
56.01308792 0.7281423444
68.06204822 1.042604914
69.03348852 0.8024698968
69.06987282 7.265023826
73.01064442 2.207161244
74.01846902 1.545682722
84.00800202 1.54909966
97.06478692 3.325765694
100.0518764 0.7682200443
150.0549496 0.7956081149
151.0627742 1.056554054
152.0705988 5.131273913
153.0784234 2.224588454
159.0348442 1.226833457
178.073672 1.018905762
212.0613912 1.447235685
216.0563053 0.7434303683
238.0947986 0.6922602731
266.1083388 0.8745622542
267.1161634 0.8367904137
269.059044 1.055963784
279.1339216 0.7810360417
284.1189021 2.142598331
294.1032529 1.115914665
295.1110775 1.125055133
296.0825178 0.7409736326
297.0903424 0.9874837589
