70.0 0.051
71.0 0.074
72.0 0.048
76.0 0.07
77.0 0.058
78.0 0.004
79.0 0.024
81.0 0.065
82.0 0.018
83.0 0.099
84.0 0.044
85.0 0.049
86.0 0.016
87.0 0.012
88.0 0.009
89.0 0.026
90.0 0.005
94.0 0.003
95.0 0.049
96.0 0.01
97.0 0.048
98.0 0.038
99.0 0.037
100.0 0.01
101.0 0.013
105.0 0.025
106.0 0.003
109.0 0.017
110.0 0.004
112.0 0.024
113.0 0.016
116.0 0.058
117.0 1.0
118.0 0.089
119.0 0.039
121.0 0.009
123.0 0.006
125.0 0.009
126.0 0.004
127.0 0.013
129.0 0.434
130.0 0.058
131.0 0.145
132.0 0.4
133.0 0.063
134.0 0.016
135.0 0.008
143.0 0.029
144.0 0.004
145.0 0.214
146.0 0.027
154.0 0.005
155.0 0.011
157.0 0.011
158.0 0.002
159.0 0.026
160.0 0.004
168.0 0.003
171.0 0.019
172.0 0.005
173.0 0.007
181.0 0.005
185.0 0.023
187.0 0.018
199.0 0.007
201.0 0.044
202.0 0.009
213.0 0.006
215.0 0.009
229.0 0.007
241.0 0.003
243.0 0.007
255.0 0.019
256.0 0.005
257.0 0.007
269.0 0.002
271.0 0.018
272.0 0.004
285.0 0.003
299.0 0.299
300.0 0.073
301.0 0.021
314.0 0.021
315.0 0.007
