70.0 0.66
71.0 0.055
72.0 0.035
76.0 0.064
77.0 0.23
78.0 0.051
79.0 0.349
80.0 0.064
81.0 0.242
82.0 0.1
83.0 0.055
84.0 0.068
85.0 0.025
86.0 0.018
87.0 0.699
88.0 0.114
89.0 0.043
90.0 0.01
91.0 0.494
92.0 0.071
93.0 0.245
94.0 0.077
95.0 0.137
96.0 0.055
97.0 0.022
98.0 0.044
99.0 0.024
100.0 1.0
101.0 0.1
102.0 0.016
103.0 0.057
104.0 0.029
105.0 0.355
106.0 0.066
107.0 0.167
108.0 0.056
109.0 0.054
110.0 0.021
111.0 0.01
112.0 0.019
113.0 0.09
114.0 0.047
115.0 0.127
116.0 0.043
117.0 0.153
118.0 0.045
119.0 0.201
120.0 0.098
121.0 0.087
122.0 0.029
123.0 0.017
124.0 0.016
125.0 0.006
126.0 0.027
127.0 0.035
128.0 0.089
129.0 0.539
130.0 0.1
131.0 0.198
132.0 0.057
133.0 0.115
134.0 0.065
135.0 0.06
136.0 0.023
137.0 0.008
138.0 0.015
139.0 0.007
140.0 0.007
141.0 0.065
142.0 0.045
143.0 0.16
144.0 0.052
145.0 0.176
146.0 0.046
150.0 0.01
151.0 0.008
152.0 0.027
153.0 0.024
154.0 0.019
155.0 0.067
156.0 0.029
157.0 0.116
158.0 0.112
159.0 0.122
160.0 0.037
161.0 0.031
162.0 0.01
163.0 0.007
164.0 0.009
165.0 0.023
166.0 0.022
167.0 0.024
168.0 0.021
169.0 0.076
170.0 0.022
171.0 0.063
172.0 0.022
173.0 0.043
174.0 0.019
175.0 0.013
176.0 0.009
177.0 0.005
178.0 0.013
179.0 0.014
180.0 0.012
181.0 0.033
182.0 0.019
183.0 0.087
184.0 0.022
185.0 0.042
186.0 0.018
187.0 0.026
188.0 0.013
189.0 0.012
190.0 0.006
191.0 0.004
192.0 0.007
193.0 0.011
194.0 0.01
195.0 0.034
196.0 0.018
197.0 0.127
198.0 0.03
199.0 0.039
200.0 0.014
201.0 0.012
202.0 0.007
203.0 0.004
204.0 0.004
205.0 0.003
206.0 0.015
207.0 0.012
208.0 0.008
209.0 0.05
210.0 0.016
211.0 0.028
212.0 0.012
213.0 0.053
214.0 0.015
215.0 0.015
216.0 0.005
217.0 0.004
218.0 0.003
219.0 0.003
220.0 0.005
221.0 0.005
222.0 0.004
223.0 0.076
224.0 0.021
225.0 0.016
226.0 0.007
227.0 0.006
228.0 0.013
229.0 0.005
230.0 0.002
231.0 0.001
232.0 0.002
233.0 0.003
234.0 0.008
235.0 0.004
236.0 0.003
237.0 0.022
238.0 0.01
239.0 0.189
240.0 0.054
241.0 0.065
242.0 0.02
243.0 0.004
244.0 0.002
245.0 0.002
246.0 0.002
247.0 0.002
248.0 0.007
249.0 0.005
250.0 0.003
251.0 0.005
252.0 0.005
253.0 0.011
254.0 0.012
255.0 0.016
256.0 0.018
257.0 0.011
258.0 0.004
259.0 0.002
260.0 0.005
261.0 0.002
262.0 0.001
263.0 0.002
264.0 0.004
265.0 0.007
266.0 0.004
267.0 0.002
268.0 0.006
269.0 0.003
270.0 0.003
271.0 0.002
272.0 0.003
273.0 0.002
274.0 0.001
275.0 0.001
276.0 0.001
277.0 0.001
278.0 0.001
279.0 0.025
280.0 0.02
281.0 0.011
282.0 0.004
283.0 0.001
284.0 0.002
285.0 0.002
286.0 0.004
287.0 0.009
288.0 0.059
289.0 0.015
290.0 0.002
291.0 0.001
292.0 0.001
293.0 0.0
294.0 0.002
295.0 0.002
296.0 0.068
297.0 0.021
298.0 0.005
299.0 0.004
300.0 0.001
301.0 0.001
302.0 0.001
303.0 0.001
304.0 0.001
305.0 0.0
306.0 0.0
308.0 0.0
309.0 0.0
310.0 0.0
311.0 0.001
312.0 0.11
313.0 0.029
314.0 0.005
315.0 0.003
316.0 0.001
317.0 0.001
318.0 0.001
319.0 0.001
320.0 0.0
321.0 0.0
322.0 0.0
325.0 0.0
326.0 0.004
327.0 0.017
328.0 0.007
329.0 0.005
330.0 0.003
331.0 0.006
332.0 0.002
333.0 0.001
334.0 0.0
335.0 0.0
336.0 0.0
337.0 0.0
338.0 0.0
339.0 0.0
340.0 0.0
341.0 0.0
342.0 0.001
343.0 0.001
344.0 0.002
345.0 0.001
346.0 0.001
347.0 0.0
348.0 0.0
349.0 0.0
350.0 0.0
351.0 0.0
352.0 0.0
353.0 0.0
354.0 0.0
355.0 0.001
356.0 0.001
357.0 0.001
358.0 0.003
359.0 0.002
360.0 0.001
361.0 0.0
362.0 0.001
363.0 0.0
364.0 0.0
365.0 0.0
366.0 0.0
367.0 0.0
368.0 0.0
369.0 0.001
370.0 0.003
371.0 0.002
372.0 0.002
373.0 0.001
374.0 0.001
375.0 0.001
376.0 0.0
377.0 0.0
378.0 0.0
379.0 0.0
380.0 0.0
381.0 0.0
382.0 0.0
383.0 0.0
384.0 0.001
385.0 0.005
386.0 0.091
387.0 0.048
388.0 0.015
389.0 0.004
390.0 0.001
391.0 0.0
395.0 0.0
398.0 0.0
399.0 0.0
400.0 0.0
401.0 0.002
402.0 0.067
403.0 0.027
404.0 0.008
405.0 0.002
406.0 0.0
407.0 0.0
408.0 0.0
409.0 0.0
410.0 0.0
411.0 0.0
412.0 0.0
413.0 0.0
414.0 0.0
415.0 0.001
416.0 0.003
417.0 0.017
418.0 0.007
419.0 0.002
420.0 0.0
426.0 0.0
550.0 0.0
