60.08077062 1.506167888
73.04679982 1.516341412
73.08859522 0.6440530809
74.09641982 2.339616133
89.04171392 0.9213711
90.04953852 0.5538306794
96.96851902 0.6997557579
99.11682042 0.561633329
151.1481188 0.621166595
153.163768 0.888739589
180.0420136 0.6042468441
182.0576628 0.8192604055
184.073312 0.6085834423
196.073312 0.963604485
313.2921011 1.182923062
349.3464725 0.8856799541
522.3737863 0.8087213438
565.3795982 0.878553178
573.4390555 1.408099273
675.4891426 1.742444922
676.4920557 0.8064476669
731.5517394 0.5692366063
787.6143362 0.8501414262
800.6347368 1.384072203
801.6299854 0.5786234266
801.6377905 0.7943722816
815.6456346 0.5720835323
829.6612838 0.5656192317
843.676933 0.5592296814
871.7082314 1.586321148
872.7112783 0.9894532304
