82.0 0.017017017
83.0 0.1021021021
84.0 0.04004004
85.0 0.041041041
86.0 0.014014014
87.0 0.011011011
88.0 0.007007007
89.0 0.03003003
90.0 0.004004004
91.0 0.009009009
92.0 0.001001001
93.0 0.024024024
94.0 0.004004004
95.0 0.0710710711
96.0 0.012012012
97.0 0.0700700701
98.0 0.0510510511
99.0 0.026026026
100.0 0.003003003
101.0 0.014014014
102.0 0.004004004
103.0 0.004004004
105.0 0.027027027
106.0 0.002002002
107.0 0.011011011
108.0 0.001001001
109.0 0.02002002
110.0 0.004004004
111.0 0.028028028
112.0 0.013013013
113.0 0.005005005
114.0 0.002002002
115.0 0.009009009
116.0 0.0630630631
117.0 1.0
118.0 0.1011011011
119.0 0.042042042
120.0 0.002002002
121.0 0.011011011
122.0 0.002002002
123.0 0.007007007
124.0 0.003003003
125.0 0.008008008
126.0 0.004004004
127.0 0.005005005
128.0 0.004004004
129.0 0.4564564565
130.0 0.0610610611
131.0 0.1651651652
132.0 0.3893893894
133.0 0.0840840841
134.0 0.02002002
135.0 0.01001001
136.0 0.001001001
137.0 0.002002002
138.0 0.001001001
139.0 0.004004004
140.0 0.003003003
141.0 0.003003003
142.0 0.002002002
143.0 0.037037037
144.0 0.004004004
145.0 0.2532532533
146.0 0.033033033
147.0 0.013013013
148.0 0.001001001
149.0 0.004004004
151.0 0.001001001
153.0 0.002002002
154.0 0.005005005
155.0 0.003003003
157.0 0.009009009
158.0 0.001001001
159.0 0.023023023
160.0 0.003003003
161.0 0.001001001
163.0 0.001001001
167.0 0.002002002
168.0 0.002002002
169.0 0.001001001
171.0 0.018018018
172.0 0.003003003
173.0 0.006006006
174.0 0.003003003
181.0 0.002002002
185.0 0.027027027
186.0 0.002002002
187.0 0.017017017
188.0 0.005005005
189.0 0.001001001
195.0 0.001001001
199.0 0.006006006
200.0 0.001001001
201.0 0.048048048
202.0 0.008008008
203.0 0.002002002
210.0 0.001001001
213.0 0.005005005
214.0 0.001001001
215.0 0.006006006
216.0 0.001001001
223.0 0.003003003
227.0 0.006006006
228.0 0.001001001
229.0 0.003003003
230.0 0.001001001
241.0 0.006006006
242.0 0.001001001
243.0 0.006006006
244.0 0.002002002
255.0 0.004004004
256.0 0.001001001
257.0 0.01001001
258.0 0.002002002
269.0 0.001001001
271.0 0.004004004
272.0 0.001001001
283.0 0.001001001
285.0 0.001001001
297.0 0.008008008
298.0 0.003003003
299.0 0.003003003
300.0 0.001001001
311.0 0.001001001
313.0 0.008008008
314.0 0.003003003
315.0 0.001001001
327.0 0.001001001
340.0 0.007007007
341.0 0.1401401401
342.0 0.039039039
343.0 0.01001001
344.0 0.001001001
355.0 0.001001001
356.0 0.012012012
357.0 0.003003003
358.0 0.001001001
