29.00219012 1.094458662
31.01783932 4.088960837
32.02566392 0.7554495886
42.02124702 0.9095589125
44.01308792 1.114637453
85.02705892 1.035644102
86.03488352 1.598894128
87.04270812 1.325379642
201.0393574 1.557924066
229.0342715 1.526382816
231.0499207 0.751848386
244.0451693 0.77369649
246.0608185 2.391457934
260.0764677 1.37001101
269.0642262 2.360554955
270.0720508 11.68927474
271.0749141 1.484751319
272.0877 1.425345938
277.0792064 1.00670958
287.0747895 2.136001409
288.0826141 3.380623469
289.0904387 1.644991029
290.0982633 1.107949727
291.1060879 0.717970107
301.0904387 6.039097413
302.074455 0.765522788
302.0933564 0.8396588693
302.0982633 6.08244188
303.0822796 0.8267029573
303.1011846 0.8465978635
319.101002 1.020234606
