44.97934602 1.836435608
78.95795572 2.014801363
80.97360492 4.026336456
95.96069442 1.615856491
96.96851902 10.88898427
98.98416822 1.584494841
100.9998174 1.011554941
120.0556186 2.618892949
121.0634432 0.6193683508
122.0712678 0.6981157942
158.9242846 1.28703705
160.9399338 0.9540321499
175.9270233 1.08296492
176.9348479 8.027936201
178.9504971 0.9410242389
180.9661463 0.6542212233
233.085534 2.148356705
234.0933586 0.6545058799
245.085534 0.9687414448
246.0933586 0.9200210891
247.1011832 1.804366898
274.9538655 1.009945636
302.9725879 0.7777578891
315.9804125 1.509351641
327.0675121 1.21549854
341.046777 1.914610496
342.0546016 0.8729416109
343.0624262 2.234008228
344.0702508 1.140069817
345.0780754 0.9099800644
407.033841 1.267715413
