29.00219012 2.035882656
31.01783932 3.314443483
43.01783932 0.7497005454
56.99710422 2.56458989
59.01275342 11.78626484
80.97360492 1.494972582
82.98925412 0.8179431468
87.00766752 2.018635731
89.02331672 2.970001763
95.96069442 2.308933769
96.96851902 11.6808569
97.97634362 4.322761223
98.98416822 3.768744681
99.99199282 0.7191662832
110.9841682 8.063095401
111.9919928 1.287309458
112.9998174 1.006798124
119.03388 1.976664524
131.03388 0.6702423737
132.0417046 0.659285185
138.9790823 3.180952
139.9869069 1.204009943
140.9947315 9.591502524
143.0103807 0.7154054806
168.9896456 1.786572964
171.0052948 11.91160886
172.0131194 0.6584235844
180.9896456 1.640661632
199.0002089 1.047252825
212.0080335 1.601842554
213.0158581 2.445475079
