70.0 0.434
71.0 0.059
72.0 0.044
76.0 0.026
77.0 0.678
78.0 0.255
79.0 0.89
80.0 0.259
81.0 0.33
82.0 0.236
83.0 0.074
84.0 0.088
85.0 0.028
86.0 0.021
87.0 0.368
88.0 0.027
89.0 0.052
90.0 0.03
91.0 1.0
92.0 0.212
93.0 0.507
94.0 0.248
95.0 0.202
96.0 0.114
97.0 0.029
98.0 0.054
99.0 0.023
100.0 0.814
101.0 0.057
102.0 0.027
103.0 0.128
104.0 0.158
105.0 0.488
106.0 0.204
107.0 0.23
108.0 0.173
109.0 0.083
110.0 0.072
111.0 0.022
112.0 0.072
113.0 0.089
114.0 0.045
115.0 0.169
116.0 0.103
117.0 0.262
118.0 0.165
119.0 0.259
120.0 0.311
121.0 0.156
122.0 0.153
123.0 0.067
124.0 0.062
125.0 0.542
126.0 0.169
127.0 0.056
128.0 0.115
129.0 0.147
130.0 0.122
131.0 0.243
132.0 0.14
133.0 0.138
134.0 0.158
135.0 0.088
136.0 0.111
137.0 0.325
138.0 0.182
139.0 0.084
140.0 0.033
141.0 0.064
142.0 0.06
143.0 0.132
144.0 0.096
145.0 0.14
146.0 0.116
150.0 0.037
151.0 0.221
152.0 0.185
153.0 0.398
154.0 0.075
155.0 0.073
156.0 0.055
157.0 0.102
158.0 0.084
159.0 0.067
160.0 0.072
161.0 0.034
162.0 0.028
163.0 0.022
164.0 0.023
165.0 0.054
166.0 0.06
167.0 0.036
168.0 0.026
169.0 0.052
170.0 0.05
171.0 0.054
172.0 0.09
173.0 0.052
174.0 0.059
175.0 0.021
176.0 0.025
177.0 0.016
178.0 0.037
179.0 0.019
180.0 0.017
181.0 0.03
182.0 0.024
183.0 0.04
184.0 0.033
185.0 0.033
186.0 0.044
187.0 0.023
188.0 0.034
189.0 0.02
190.0 0.023
191.0 0.01
192.0 0.016
193.0 0.016
194.0 0.016
195.0 0.031
196.0 0.024
197.0 0.03
198.0 0.027
199.0 0.021
200.0 0.017
201.0 0.01
202.0 0.01
203.0 0.006
204.0 0.012
205.0 0.008
206.0 0.02
207.0 0.019
208.0 0.014
209.0 0.025
210.0 0.023
211.0 0.028
212.0 0.031
213.0 0.02
214.0 0.014
215.0 0.005
216.0 0.01
217.0 0.004
218.0 0.009
219.0 0.008
220.0 0.045
221.0 0.019
222.0 0.013
223.0 0.015
224.0 0.02
225.0 0.026
226.0 0.041
227.0 0.03
228.0 0.014
229.0 0.005
230.0 0.011
231.0 0.004
232.0 0.005
233.0 0.003
234.0 0.008
235.0 0.013
236.0 0.014
237.0 0.016
238.0 0.024
239.0 0.012
240.0 0.021
241.0 0.017
242.0 0.028
243.0 0.01
244.0 0.005
245.0 0.002
246.0 0.005
247.0 0.004
248.0 0.007
249.0 0.005
250.0 0.006
251.0 0.012
252.0 0.023
253.0 0.028
254.0 0.036
255.0 0.011
256.0 0.006
257.0 0.003
258.0 0.018
259.0 0.007
260.0 0.009
261.0 0.005
262.0 0.003
263.0 0.003
264.0 0.004
265.0 0.004
266.0 0.007
267.0 0.008
268.0 0.032
269.0 0.026
270.0 0.012
271.0 0.004
272.0 0.023
273.0 0.128
274.0 0.027
275.0 0.005
276.0 0.003
277.0 0.005
278.0 0.008
279.0 0.005
280.0 0.003
281.0 0.006
282.0 0.007
283.0 0.003
284.0 0.013
285.0 0.009
286.0 0.113
287.0 0.026
288.0 0.004
289.0 0.001
290.0 0.001
291.0 0.001
292.0 0.011
293.0 0.01
294.0 0.012
295.0 0.02
296.0 0.007
297.0 0.002
298.0 0.007
299.0 0.005
300.0 0.011
301.0 0.004
302.0 0.001
303.0 0.001
304.0 0.001
305.0 0.001
306.0 0.001
307.0 0.001
308.0 0.001
309.0 0.025
310.0 0.018
311.0 0.013
312.0 0.006
313.0 0.004
314.0 0.001
315.0 0.001
317.0 0.001
318.0 0.001
319.0 0.0
321.0 0.0
322.0 0.001
323.0 0.001
324.0 0.007
325.0 0.009
326.0 0.01
327.0 0.005
328.0 0.002
329.0 0.001
330.0 0.0
331.0 0.001
332.0 0.001
333.0 0.0
334.0 0.0
336.0 0.0
337.0 0.0
338.0 0.0
339.0 0.004
340.0 0.01
341.0 0.198
342.0 0.088
343.0 0.021
344.0 0.005
345.0 0.001
346.0 0.0
347.0 0.0
348.0 0.0
349.0 0.0
351.0 0.0
352.0 0.0
354.0 0.0
355.0 0.001
356.0 0.001
357.0 0.024
358.0 0.01
359.0 0.002
360.0 0.001
361.0 0.001
362.0 0.001
363.0 0.001
364.0 0.001
365.0 0.001
370.0 0.0
371.0 0.006
372.0 0.175
373.0 0.06
374.0 0.011
375.0 0.002
376.0 0.0
378.0 0.0
379.0 0.0
380.0 0.0
381.0 0.0
399.0 0.0
401.0 0.0
414.0 0.0
415.0 0.001
416.0 0.0
448.0 0.0
467.0 0.0
469.0 0.0
476.0 0.0
482.0 0.0
489.0 0.0
535.0 0.0
551.0 0.0
563.0 0.0
565.0 0.0
566.0 0.0
570.0 0.0
574.0 0.0
579.0 0.0
