29.00219012 3.269745005
59.01275342 0.7533245538
60.02057802 0.9803595123
61.02840262 3.700810266
73.02840262 0.7957574438
74.03622722 1.161529252
87.00766752 1.132315505
88.01549212 0.9596440491
89.02331672 1.722466216
91.03896592 1.21326268
100.0393004 1.093151147
101.047125 0.7531521812
114.0549496 0.972069622
115.0627742 0.9267336141
163.0600925 1.105124828
219.1101133 0.9143758255
281.0866965 0.7390702355
325.112909 1.690215823
411.1371088 0.8385270929
424.1449334 0.8237238915
454.1554967 0.996044841
542.1715374 1.274411956
572.1821007 2.912966225
573.1899253 1.302474013
574.1977499 0.7786381048
601.1848394 0.9356997757
602.192664 2.196351105
615.2004886 3.248404151
616.2038397 0.8882294873
616.2083132 2.974600608
617.2116659 0.8138080957
