70.0 0.586
71.0 0.067
72.0 0.039
76.0 0.01
77.0 0.398
78.0 0.109
79.0 0.725
80.0 0.224
81.0 0.399
82.0 0.217
83.0 0.079
84.0 0.095
86.0 0.031
87.0 0.539
88.0 0.039
89.0 0.023
90.0 0.009
91.0 0.593
92.0 0.117
93.0 0.414
94.0 0.209
95.0 0.219
96.0 0.106
97.0 0.032
98.0 0.063
99.0 0.088
100.0 1.0
101.0 0.073
102.0 0.014
103.0 0.054
104.0 0.04
105.0 0.378
106.0 0.146
107.0 0.243
108.0 0.156
109.0 0.094
110.0 0.06
111.0 0.018
112.0 0.05
113.0 0.111
114.0 0.069
115.0 0.091
116.0 0.04
117.0 0.137
118.0 0.064
119.0 0.217
120.0 0.165
121.0 0.128
122.0 0.087
123.0 0.037
124.0 0.04
125.0 0.018
126.0 0.075
127.0 0.026
128.0 0.057
129.0 0.075
130.0 0.045
131.0 0.179
132.0 0.073
133.0 0.129
134.0 0.106
135.0 0.068
136.0 0.044
137.0 0.016
138.0 0.039
139.0 0.027
140.0 0.023
141.0 0.032
142.0 0.027
143.0 0.082
144.0 0.043
145.0 0.168
146.0 0.068
150.0 0.016
151.0 0.009
152.0 0.033
153.0 0.026
154.0 0.035
155.0 0.032
156.0 0.02
157.0 0.073
158.0 0.039
159.0 0.088
160.0 0.048
161.0 0.043
162.0 0.022
163.0 0.01
164.0 0.011
165.0 0.01
166.0 0.016
167.0 0.011
168.0 0.011
169.0 0.033
170.0 0.017
171.0 0.059
172.0 0.034
173.0 0.041
174.0 0.034
175.0 0.045
176.0 0.035
177.0 0.009
178.0 0.009
179.0 0.005
180.0 0.007
181.0 0.01
182.0 0.009
183.0 0.025
184.0 0.016
185.0 0.041
186.0 0.029
187.0 0.04
188.0 0.024
189.0 0.011
190.0 0.009
191.0 0.004
192.0 0.007
193.0 0.005
194.0 0.006
195.0 0.01
196.0 0.008
197.0 0.024
198.0 0.015
199.0 0.021
200.0 0.021
201.0 0.034
202.0 0.021
203.0 0.008
204.0 0.006
205.0 0.004
206.0 0.01
207.0 0.004
208.0 0.006
209.0 0.008
210.0 0.006
211.0 0.016
212.0 0.014
213.0 0.022
214.0 0.016
215.0 0.01
216.0 0.009
217.0 0.004
218.0 0.006
219.0 0.003
220.0 0.005
221.0 0.004
222.0 0.003
223.0 0.012
224.0 0.007
225.0 0.017
226.0 0.014
227.0 0.021
228.0 0.027
229.0 0.011
230.0 0.009
231.0 0.004
232.0 0.004
233.0 0.003
234.0 0.004
235.0 0.002
236.0 0.002
237.0 0.008
238.0 0.008
239.0 0.012
240.0 0.009
241.0 0.009
242.0 0.022
243.0 0.014
244.0 0.093
245.0 0.029
246.0 0.009
247.0 0.003
248.0 0.002
249.0 0.002
250.0 0.002
251.0 0.003
252.0 0.003
253.0 0.008
254.0 0.012
255.0 0.009
256.0 0.017
257.0 0.007
258.0 0.007
259.0 0.011
260.0 0.029
261.0 0.01
262.0 0.009
263.0 0.004
264.0 0.002
265.0 0.002
266.0 0.004
267.0 0.003
268.0 0.005
269.0 0.004
270.0 0.024
271.0 0.01
272.0 0.009
273.0 0.004
274.0 0.042
275.0 0.148
276.0 0.039
277.0 0.007
278.0 0.003
279.0 0.005
280.0 0.005
281.0 0.003
282.0 0.002
283.0 0.01
284.0 0.005
285.0 0.002
286.0 0.01
287.0 0.006
288.0 0.198
289.0 0.048
290.0 0.007
291.0 0.002
292.0 0.002
293.0 0.001
294.0 0.009
295.0 0.007
296.0 0.014
297.0 0.013
298.0 0.006
299.0 0.003
300.0 0.012
301.0 0.012
302.0 0.007
303.0 0.003
304.0 0.001
305.0 0.001
306.0 0.001
307.0 0.001
308.0 0.001
309.0 0.002
310.0 0.002
311.0 0.018
312.0 0.011
313.0 0.01
314.0 0.005
315.0 0.003
316.0 0.001
317.0 0.001
318.0 0.001
319.0 0.002
320.0 0.001
321.0 0.001
322.0 0.001
323.0 0.001
324.0 0.001
325.0 0.002
326.0 0.015
327.0 0.014
328.0 0.008
329.0 0.004
330.0 0.001
331.0 0.002
332.0 0.001
333.0 0.001
334.0 0.001
335.0 0.001
336.0 0.001
337.0 0.0
338.0 0.001
339.0 0.001
340.0 0.001
341.0 0.003
342.0 0.009
343.0 0.223
344.0 0.085
345.0 0.017
346.0 0.003
347.0 0.001
348.0 0.0
349.0 0.0
350.0 0.0
351.0 0.0
352.0 0.0
353.0 0.0
354.0 0.0
355.0 0.001
356.0 0.0
357.0 0.001
358.0 0.001
359.0 0.009
360.0 0.004
361.0 0.001
362.0 0.0
363.0 0.0
364.0 0.001
365.0 0.001
366.0 0.0
367.0 0.0
368.0 0.0
369.0 0.0
370.0 0.0
371.0 0.0
372.0 0.0
373.0 0.002
374.0 0.015
375.0 0.007
376.0 0.002
377.0 0.0
379.0 0.0
380.0 0.0
381.0 0.0
382.0 0.001
383.0 0.0
384.0 0.0
385.0 0.001
386.0 0.0
387.0 0.0
399.0 0.0
400.0 0.0
401.0 0.001
402.0 0.0
403.0 0.0
404.0 0.0
405.0 0.0
414.0 0.0
415.0 0.001
416.0 0.0
417.0 0.0
418.0 0.0
419.0 0.0
420.0 0.0
421.0 0.0
427.0 0.0
428.0 0.0
429.0 0.0
430.0 0.0
431.0 0.0
432.0 0.0
433.0 0.0
435.0 0.0
436.0 0.0
437.0 0.0
440.0 0.0
448.0 0.0
450.0 0.0
451.0 0.0
452.0 0.0
455.0 0.0
456.0 0.0
457.0 0.0
458.0 0.0
459.0 0.0
463.0 0.0
467.0 0.0
472.0 0.0
473.0 0.0
476.0 0.0
479.0 0.0
481.0 0.0
482.0 0.0
483.0 0.0
488.0 0.0
489.0 0.001
491.0 0.0
496.0 0.0
497.0 0.0
498.0 0.0
501.0 0.0
503.0 0.0
505.0 0.0
506.0 0.0
510.0 0.0
514.0 0.0
518.0 0.0
519.0 0.0
520.0 0.0
521.0 0.0
522.0 0.0
524.0 0.0
525.0 0.0
526.0 0.0
529.0 0.0
530.0 0.0
537.0 0.0
538.0 0.0
542.0 0.0
544.0 0.0
545.0 0.0
546.0 0.0
549.0 0.0
551.0 0.0
555.0 0.0
557.0 0.0
562.0 0.0
563.0 0.0
565.0 0.0
569.0 0.0
570.0 0.0
571.0 0.0
574.0 0.0
576.0 0.0
577.0 0.0
579.0 0.0
580.0 0.0
581.0 0.0
583.0 0.0
587.0 0.0
588.0 0.0
589.0 0.0
590.0 0.0
593.0 0.0
594.0 0.0
597.0 0.0
598.0 0.0
600.0 0.0
