85.0 6.006006
86.0 8.108108
87.0 13.613614
88.0 4.204204
89.0 8.108108
90.0 3.303303
91.0 9.409409
92.0 1.101101
93.0 1.701702
94.0 1.401401
95.0 2.602603
96.0 0.800801
97.0 1.701702
98.0 4.004004
99.0 10.01001
100.0 39.93994
101.0 64.164164
102.0 12.212212
103.0 4.204204
104.0 5.505506
105.0 1.501502
106.0 0.3003
109.0 1.001001
110.0 0.600601
111.0 1.101101
112.0 2.902903
113.0 9.60961
114.0 63.063063
115.0 7.307307
116.0 100.0
117.0 23.523524
118.0 8.008008
119.0 1.501502
121.0 0.1001
124.0 0.2002
125.0 0.700701
126.0 2.802803
127.0 2.402402
128.0 1.201201
129.0 3.503504
130.0 3.603604
131.0 4.604605
132.0 2.402402
133.0 4.104104
134.0 1.601602
135.0 0.1001
138.0 0.2002
139.0 0.3003
140.0 0.500501
141.0 13.713714
142.0 21.321321
143.0 41.841842
144.0 17.517518
145.0 4.304304
146.0 3.103103
147.0 5.805806
148.0 0.700701
149.0 0.3003
153.0 1.201201
154.0 1.101101
155.0 0.700701
156.0 2.002002
157.0 19.219219
158.0 3.603604
159.0 3.903904
160.0 1.201201
161.0 1.101101
162.0 0.1001
167.0 0.1001
168.0 0.900901
169.0 2.602603
170.0 3.603604
171.0 1.401401
172.0 2.502503
173.0 1.401401
174.0 0.500501
175.0 0.3003
176.0 0.1001
181.0 0.1001
184.0 0.800801
185.0 0.4004
186.0 0.700701
187.0 0.500501
188.0 1.901902
189.0 0.1001
190.0 0.1001
197.0 0.1001
199.0 0.3003
200.0 0.3003
202.0 2.902903
203.0 76.876877
204.0 12.512513
205.0 5.805806
206.0 0.4004
215.0 1.001001
216.0 0.900901
224.0 0.1001
232.0 76.776777
233.0 11.611612
234.0 6.406406
235.0 0.3003
243.0 1.101101
244.0 0.1001
245.0 0.1001
271.0 0.900901
286.0 0.700701
287.0 0.1001
289.0 0.1001
317.0 1.601602
318.0 0.2002
360.0 1.101101
361.0 0.1001
492.0 0.1001
496.0 0.1001
