57.07042529 1.127959761
71.08607535 1.32175957
85.10172542 1.077369822
139.1486756 0.9809454586
193.1956258 1.049019923
195.2112759 1.028581872
197.2269259 3.277573391
205.1956258 0.7783497105
211.242576 0.9828182821
221.2269259 2.113184708
237.2218405 2.24925368
239.2374906 12.97858958
273.2582261 0.7783497105
393.3732558 0.7783497105
407.3677765 1.87572371
409.3834266 12.0644564
411.3990766 0.8579482153
427.3939913 10.07690531
461.4358561 0.7783497105
527.4828063 0.7783497105
579.5141064 0.8679535129
593.5297564 0.8799956763
607.5454065 1.230337513
609.5610566 1.07026023
621.5610566 0.8710906972
635.5767066 0.9423222678
637.5923567 1.246991442
647.6130921 4.103340052
649.5923567 0.7987144923
649.5923567 1.590942448
665.6236568 29.44421344
