27.02292522 1.685513465
28.03074982 1.410568393
41.03857442 3.906161367
55.05422362 3.236397248
56.06204822 2.387439841
57.06987282 1.679852713
69.06987282 1.695136301
95.04913772 2.791385499
104.0256639 9.513476538
105.0334885 2.812392375
110.0726115 5.993781382
132.020578 3.868994124
133.0284026 2.842866295
156.0569623 2.884156509
184.0518764 3.242655839
186.1039099 2.924397757
199.0389659 1.480397103
199.0753502 5.142418102
212.0467905 1.451589742
212.0831748 2.46528128
213.0546151 1.441793175
213.0909994 3.074920449
214.0624397 3.559460847
214.098824 10.17010984
215.1022219 1.622793123
216.0780889 1.537560475
224.0831748 2.124208944
225.0909994 2.541480105
226.0624397 2.790669451
227.0702643 4.991340259
242.0937381 2.730801455
