85.0 0.2262262262
86.0 0.1041041041
87.0 0.1101101101
88.0 0.027027027
89.0 0.031031031
90.0 0.026026026
91.0 0.1261261261
92.0 0.022022022
93.0 0.033033033
94.0 0.019019019
95.0 0.0570570571
96.0 0.034034034
97.0 0.1421421421
98.0 0.0710710711
99.0 0.1351351351
100.0 0.3933933934
101.0 0.0840840841
102.0 0.037037037
103.0 0.03003003
104.0 0.012012012
105.0 0.043043043
106.0 0.023023023
107.0 0.014014014
108.0 0.029029029
109.0 0.016016016
110.0 0.03003003
111.0 0.049049049
112.0 0.1741741742
113.0 0.1471471471
114.0 0.041041041
115.0 0.0550550551
116.0 0.0950950951
117.0 0.1181181181
118.0 0.029029029
119.0 0.0530530531
120.0 0.022022022
121.0 0.014014014
122.0 0.009009009
123.0 0.0620620621
124.0 0.024024024
125.0 0.031031031
126.0 0.049049049
127.0 0.2582582583
128.0 0.0580580581
129.0 0.1041041041
130.0 0.0500500501
131.0 0.0890890891
132.0 0.0840840841
133.0 0.1101101101
134.0 0.026026026
135.0 0.016016016
136.0 0.008008008
137.0 0.014014014
138.0 0.02002002
139.0 0.039039039
140.0 0.031031031
141.0 0.046046046
142.0 0.028028028
143.0 0.024024024
144.0 0.015015015
145.0 0.017017017
146.0 0.016016016
147.0 0.3123123123
148.0 0.0680680681
149.0 0.0500500501
150.0 0.017017017
151.0 0.037037037
152.0 0.02002002
153.0 0.2162162162
154.0 0.0700700701
155.0 0.0500500501
156.0 0.026026026
157.0 0.0560560561
158.0 0.029029029
159.0 0.031031031
160.0 0.011011011
161.0 0.009009009
162.0 0.004004004
163.0 0.005005005
164.0 0.007007007
165.0 0.011011011
166.0 0.0700700701
167.0 0.043043043
168.0 0.0600600601
169.0 0.1321321321
170.0 0.035035035
171.0 0.03003003
172.0 0.043043043
173.0 0.0620620621
174.0 0.029029029
175.0 0.012012012
176.0 0.006006006
177.0 0.003003003
178.0 0.004004004
179.0 0.006006006
180.0 0.007007007
181.0 0.008008008
182.0 0.009009009
183.0 0.016016016
184.0 0.011011011
185.0 0.0780780781
186.0 0.024024024
187.0 0.022022022
188.0 0.026026026
189.0 0.6916916917
190.0 0.1881881882
191.0 0.0710710711
192.0 0.016016016
193.0 0.006006006
194.0 0.005005005
195.0 0.008008008
196.0 0.007007007
197.0 0.013013013
198.0 0.009009009
199.0 0.017017017
200.0 0.011011011
201.0 0.008008008
202.0 0.004004004
203.0 0.016016016
204.0 0.4774774775
205.0 0.2282282282
206.0 0.0720720721
207.0 0.023023023
208.0 0.007007007
209.0 0.008008008
210.0 0.005005005
211.0 0.009009009
212.0 0.008008008
213.0 0.1431431431
214.0 0.0530530531
215.0 0.032032032
216.0 0.009009009
217.0 0.004004004
218.0 0.003003003
219.0 0.002002002
220.0 0.002002002
221.0 0.005005005
222.0 0.005005005
223.0 0.007007007
224.0 0.004004004
225.0 0.011011011
226.0 0.014014014
227.0 0.1101101101
228.0 0.3293293293
229.0 0.2082082082
230.0 0.0570570571
231.0 0.019019019
232.0 0.005005005
233.0 0.002002002
235.0 0.002002002
236.0 0.002002002
237.0 0.004004004
238.0 0.004004004
239.0 0.013013013
240.0 0.015015015
241.0 1.0
242.0 0.5485485485
243.0 0.1741741742
244.0 0.047047047
245.0 0.01001001
246.0 0.003003003
247.0 0.002002002
251.0 0.002002002
253.0 0.005005005
254.0 0.004004004
255.0 0.024024024
256.0 0.011011011
257.0 0.006006006
258.0 0.001001001
259.0 0.003003003
261.0 0.001001001
262.0 0.001001001
263.0 0.001001001
265.0 0.004004004
266.0 0.001001001
267.0 0.003003003
268.0 0.001001001
269.0 0.005005005
270.0 0.001001001
271.0 0.003003003
272.0 0.002002002
273.0 0.008008008
274.0 0.002002002
275.0 0.001001001
276.0 0.001001001
277.0 0.001001001
279.0 0.001001001
281.0 0.015015015
282.0 0.005005005
283.0 0.006006006
284.0 0.002002002
285.0 0.004004004
286.0 0.001001001
287.0 0.011011011
288.0 0.013013013
289.0 0.004004004
290.0 0.002002002
291.0 0.001001001
293.0 0.001001001
295.0 0.002002002
297.0 0.005005005
298.0 0.002002002
299.0 0.003003003
300.0 0.001001001
301.0 0.008008008
302.0 0.002002002
303.0 0.002002002
306.0 0.001001001
307.0 0.001001001
308.0 0.001001001
311.0 0.001001001
312.0 0.004004004
313.0 0.004004004
314.0 0.004004004
315.0 0.005005005
316.0 0.002002002
319.0 0.001001001
323.0 0.003003003
324.0 0.001001001
325.0 0.001001001
326.0 0.001001001
327.0 0.003003003
328.0 0.002002002
329.0 0.025025025
330.0 0.01001001
331.0 0.005005005
332.0 0.002002002
335.0 0.001001001
339.0 0.001001001
340.0 0.001001001
341.0 0.003003003
342.0 0.001001001
343.0 0.005005005
344.0 0.004004004
345.0 0.003003003
346.0 0.001001001
354.0 0.001001001
355.0 0.014014014
356.0 0.006006006
357.0 0.006006006
358.0 0.002002002
369.0 0.002002002
370.0 0.001001001
371.0 0.01001001
372.0 0.005005005
373.0 0.003003003
374.0 0.002002002
375.0 0.001001001
376.0 0.001001001
386.0 0.001001001
387.0 0.002002002
388.0 0.001001001
399.0 0.001001001
400.0 0.001001001
402.0 0.001001001
412.0 0.004004004
413.0 0.034034034
414.0 0.021021021
415.0 0.011011011
416.0 0.005005005
417.0 0.001001001
427.0 0.002002002
428.0 0.001001001
429.0 0.002002002
430.0 0.002002002
431.0 0.001001001
444.0 0.023023023
445.0 0.1301301301
446.0 0.0710710711
447.0 0.036036036
448.0 0.014014014
449.0 0.004004004
458.0 0.001001001
459.0 0.012012012
460.0 0.023023023
461.0 0.013013013
462.0 0.005005005
463.0 0.002002002
495.0 0.001001001
