27.02292522 0.8128282748
31.01783932 1.807244096
121.0647869 0.8081525678
123.0804361 1.056183682
133.0647869 2.924015084
134.0726115 1.32101625
135.0804361 1.785498904
147.0804361 1.988766014
148.0882607 0.7867030847
149.0960853 1.44552823
161.0960853 1.215314408
221.1535962 0.8140371439
240.1508575 0.9296602452
241.1586821 4.053719295
242.1665067 2.51357134
243.1743313 1.991261919
255.1743313 2.699738456
256.1821559 1.252519122
269.1535962 1.381368132
284.17707 1.096989224
285.1848946 1.534099899
286.1563349 0.7922988927
286.1927192 0.9677367064
287.1641595 2.351767301
287.2005438 0.9401120431
288.1719841 2.152134128
289.1798087 0.8659623293
298.1927192 1.757489097
299.2005438 1.839274891
300.1719841 1.453862364
301.1798087 2.750868487
