43.01783932 0.9007619199
57.03348852 1.069895167
59.04913772 7.02053986
129.1273837 0.981972207
245.1535962 1.084321858
246.1614208 1.228974609
287.2005438 1.656435605
315.2318422 1.579150598
329.2474914 0.7540853664
341.2838757 1.170501675
342.2917003 0.8057085154
343.2631406 1.543962851
345.2787898 1.074326282
357.2787898 2.255171125
358.2866144 0.8286009973
370.2866144 0.9445303007
371.294439 3.019587302
372.2978564 0.8649565586
372.3022636 1.898771222
373.3100882 0.7945280911
385.3100882 0.9628058421
386.3179128 1.207291021
387.2893531 1.240373442
388.2971777 1.429119423
398.3179128 2.694631088
399.3213298 0.8334130231
399.3257374 2.719784924
400.2971777 0.7704091472
400.3291558 0.841600794
401.3050023 3.808314392
402.3084212 1.1360867
