39.02292522 2.263006438
41.03857442 3.870691704
42.04639902 2.470815165
43.05422362 4.596751052
55.05422362 9.075874374
57.06987282 3.633237892
67.05422362 1.968475123
69.06987282 1.749305874
81.06987282 2.085005916
83.08552202 3.075407059
97.10117122 2.536021398
109.1011712 1.954021454
110.1089958 1.76463446
111.1168204 2.411787802
123.0440518 2.087098555
125.1324696 2.128686741
136.0518764 1.68634647
137.059701 9.809669022
150.0549496 2.053383687
152.0705988 3.119638025
153.1273837 3.846450844
178.0498637 1.923588663
180.0655129 2.484718624
206.0811621 2.265353914
208.0968113 3.566223082
220.0968113 2.907798875
221.1046359 1.764877297
222.1124605 3.942828621
262.1437589 2.686758142
289.1672327 2.448166356
290.1750573 7.823377368
