84.04493881 3.167916155
163.087138 8.324582286
212.1035163 2.246120779
278.114081 6.294465251
327.1304593 1.638788894
409.1545659 5.452529605
570.1506027 1.549913039
595.2338788 1.703094233
652.2553426 6.088670274
710.2091802 3.061913609
728.2197449 1.88971183
735.2924563 1.423665125
753.303021 2.612054011
896.2884932 1.337501834
978.3125997 1.316032531
996.3231644 2.237311928
1027.328978 1.396416643
1093.339543 1.498988112
1111.350107 1.629158853
1142.355921 1.618929698
1221.39812 1.993759916
1239.408685 1.209765943
1289.424335 1.534618287
1306.450884 1.499543901
1307.4349 1.295637841
1316.435234 11.25022168
1317.41925 4.237294265
1334.445799 16.13329344
1335.429814 1.342850043
1335.429814 1.26605629
1352.456363 1.749193696
