17.03857442 0.277797248
26.01510062 0.399030483
27.02292522 0.8834949542
29.00219012 1.242292877
30.01001472 3.282429681
31.01783932 2.934743412
43.01783932 1.277471576
44.02566392 1.86865338
44.04947222 1.420445126
45.03348852 2.63683984
47.04913772 0.5690475069
57.05729682 3.295604418
58.06512142 15.16256288
59.06796386 0.5831278613
59.07294602 5.348319451
60.08077062 3.322787078
70.06512142 0.7969422369
73.08859522 15.96934154
74.09158313 0.8001020353
74.09641982 13.4483879
75.09941755 0.675813816
84.08077062 1.324993072
85.08859522 3.427368645
86.09641982 2.289744034
87.06786012 0.9015295432
88.07568472 2.612313355
101.0835093 1.27852326
102.0913339 4.402248336
103.0944038 0.2721523794
103.0991585 6.87014088
104.1022362 0.4257511923
