27.02292522 0.9862087981
43.04164762 1.042265085
70.06512142 2.113504473
71.07294602 1.276825266
96.08077062 1.195844925
209.1198936 1.099921325
215.085522 1.473088274
216.0933466 2.870484581
229.1011712 1.309183484
230.1089958 5.291845098
231.1123814 1.077371056
231.1168204 1.495907338
233.1198936 1.10771774
243.1168204 1.466212069
244.124645 2.675165555
245.1198936 1.107391842
246.1277182 0.9412182937
247.1355428 0.7946484581
257.1198936 2.048090132
258.1277182 1.723948664
259.1355428 4.486779295
260.1388261 0.9822065355
260.1433674 0.8546666352
261.151192 1.612689934
262.1590166 0.8033712789
271.1355428 2.711901589
272.1433674 5.997423078
273.1466562 1.380937881
286.1590166 3.186863026
287.1668412 3.552156098
288.1701386 0.8592636802
