70.0 0.072
71.0 0.022
72.0 0.024
76.0 0.053
77.0 0.226
78.0 0.051
79.0 0.368
80.0 0.068
81.0 0.213
82.0 0.131
83.0 0.038
84.0 0.3
85.0 0.033
86.0 0.011
87.0 0.024
88.0 0.006
89.0 0.029
90.0 0.006
91.0 0.417
92.0 0.068
93.0 0.197
94.0 0.074
95.0 0.081
96.0 0.068
97.0 0.027
98.0 0.015
99.0 0.017
100.0 0.016
101.0 0.039
102.0 0.009
103.0 0.049
104.0 0.029
105.0 0.296
106.0 0.077
107.0 0.131
108.0 0.1
109.0 0.072
110.0 0.064
111.0 0.015
112.0 0.017
113.0 0.023
114.0 0.006
115.0 0.089
116.0 0.036
117.0 0.14
118.0 0.044
119.0 0.18
120.0 0.091
121.0 0.073
122.0 0.05
123.0 0.021
124.0 0.016
125.0 0.007
126.0 0.094
127.0 0.03
128.0 0.064
129.0 1.0
130.0 0.165
131.0 0.164
132.0 0.052
133.0 0.077
134.0 0.06
135.0 0.028
136.0 0.022
137.0 0.005
138.0 0.081
139.0 0.023
140.0 0.024
141.0 0.041
142.0 0.03
143.0 0.1
144.0 0.038
145.0 0.096
146.0 0.041
150.0 0.006
151.0 0.007
152.0 0.034
153.0 0.018
154.0 0.013
155.0 0.051
156.0 0.021
157.0 0.072
158.0 0.032
159.0 0.08
160.0 0.029
161.0 0.018
162.0 0.01
163.0 0.004
164.0 0.01
165.0 0.011
166.0 0.01
167.0 0.015
168.0 0.011
169.0 0.043
170.0 0.018
171.0 0.04
172.0 0.024
173.0 0.017
174.0 0.013
175.0 0.006
176.0 0.005
177.0 0.004
178.0 0.013
179.0 0.01
180.0 0.007
181.0 0.021
182.0 0.013
183.0 0.026
184.0 0.013
185.0 0.026
186.0 0.016
187.0 0.012
188.0 0.011
189.0 0.002
190.0 0.004
191.0 0.001
192.0 0.005
193.0 0.007
194.0 0.006
195.0 0.024
196.0 0.016
197.0 0.029
198.0 0.013
199.0 0.012
200.0 0.012
201.0 0.005
202.0 0.004
203.0 0.001
204.0 0.002
205.0 0.004
206.0 0.017
207.0 0.006
208.0 0.004
209.0 0.019
210.0 0.015
211.0 0.066
212.0 0.032
213.0 0.05
214.0 0.024
215.0 0.004
220.0 0.001
221.0 0.002
222.0 0.002
223.0 0.005
224.0 0.009
225.0 0.007
226.0 0.017
227.0 0.007
228.0 0.026
229.0 0.018
230.0 0.006
231.0 0.001
232.0 0.002
235.0 0.006
236.0 0.004
237.0 0.01
238.0 0.006
239.0 0.002
240.0 0.005
241.0 0.001
242.0 0.006
243.0 0.001
244.0 0.006
245.0 0.001
250.0 0.001
251.0 0.018
252.0 0.023
253.0 0.022
254.0 0.007
256.0 0.001
257.0 0.002
258.0 0.006
259.0 0.026
260.0 0.175
261.0 0.032
262.0 0.002
266.0 0.002
267.0 0.006
268.0 0.27
269.0 0.06
270.0 0.007
271.0 0.002
273.0 0.001
284.0 0.058
285.0 0.012
286.0 0.001
298.0 0.005
299.0 0.038
300.0 0.011
301.0 0.004
302.0 0.002
303.0 0.001
342.0 0.004
343.0 0.001
357.0 0.006
358.0 0.131
359.0 0.04
360.0 0.011
361.0 0.001
373.0 0.001
374.0 0.027
375.0 0.009
376.0 0.001
388.0 0.001
389.0 0.021
390.0 0.006
