41.00219012 1.15086561
43.01783932 1.048629226
78.03382302 2.106942962
106.0287371 2.873646914
108.020578 1.493151989
108.0443863 1.9591279
118.0287371 1.063981709
120.020578 2.831743912
120.0443863 1.636826346
121.0158266 1.334379258
121.0284026 3.034557013
122.0362272 3.914653173
122.0600355 3.103148743
123.0314758 5.080445854
123.0440518 1.414974519
124.0393004 2.449846758
124.0518764 1.066398169
125.047125 1.798316951
135.0314758 1.290228456
136.0393004 1.098782118
148.0393004 1.5277828
149.0107407 1.337079583
149.047125 4.444354069
150.0549496 8.43634969
151.0263899 1.166759682
151.0627742 2.979131395
166.0498637 1.194117671
167.0576883 1.28182092
177.0420391 2.248233417
178.0498637 1.658904273
194.0447778 2.685004158
