27.02292522 0.8810649668
29.03857442 1.025592675
41.03857442 0.9252425483
43.05422362 1.231839682
44.99710422 6.489679271
55.05422362 1.036330795
57.06987282 1.395694298
85.02840262 0.9146804732
97.10117122 1.122292464
99.04405182 0.9047413496
113.059701 0.8950159056
123.1168204 1.465935099
127.0753502 0.8854973237
141.0909994 0.8761790733
149.1324696 1.494779489
151.1481188 2.138668797
155.1066486 0.9819488382
165.163768 1.120462314
179.1794172 1.099415486
193.1950664 1.087028861
197.1535962 1.053262396
207.2107156 1.074798477
221.2263648 1.062723163
223.1692454 1.373686366
233.2263648 1.002133228
235.242014 1.249431376
249.2576632 1.023020687
251.2005438 1.048842318
262.2654878 0.8782614783
265.216193 1.046814908
279.2318422 0.9620031039
