27.02292522 0.8816699122
28.03074982 1.223076757
105.0334885 1.116331647
109.0647869 0.8650494122
123.0804361 0.825245754
131.0491377 0.8286157963
145.0647869 3.439356199
146.0726115 1.050200627
149.0960853 1.216419023
150.1039099 0.9314356715
172.0882607 1.148505011
173.0960853 1.178716378
185.0960853 1.483449905
186.1039099 0.8823546806
199.1117345 1.010185109
200.1195591 1.570306865
229.1586821 1.247882972
239.1430329 1.426349213
240.1508575 2.585448107
241.1586821 0.9781418721
253.1586821 1.371927991
254.1665067 2.672567548
255.1743313 1.589061447
267.137947 1.60006748
267.1743313 1.075286791
268.1457716 2.71520739
268.1821559 2.62413312
269.1535962 1.51437184
270.1614208 1.942631893
280.1457716 1.4120612
281.1535962 3.621973001
