43.02907162 0.7486606659
44.99710422 1.633847775
59.01275342 0.7825016782
60.02057802 0.750307289
71.02398572 0.70604047
120.0443863 1.385745806
131.03388 0.7314975331
136.0379567 0.6947437083
137.0457813 1.058193609
146.0447778 0.7695035893
176.0566791 1.202061587
225.0770797 0.7078691055
253.0719938 1.15301227
267.0988753 1.158180495
279.0975373 1.007974023
293.0781402 1.116913747
294.0859648 0.9838936152
295.0937894 2.691618585
296.101614 1.461530992
311.1125118 1.061883207
366.0945154 0.6937633847
368.1101646 2.194779601
394.1258138 1.323853743
395.1336384 3.434142271
396.1363284 0.7942338799
396.141463 6.256058868
397.1441553 1.447813349
397.1492876 1.545403293
399.1173202 0.737757964
423.1285525 1.729360383
424.1363771 1.527289588
