73.02840262 0.8885453086
73.04679982 1.112543931
74.03622722 0.9612954713
89.02331672 1.526256389
103.0389659 0.9089679587
103.0573631 1.350505831
119.03388 0.8717717534
133.0495292 0.9387542694
163.0600925 2.184160449
221.0655699 0.765920908
235.0996163 1.109105175
251.0761332 0.9657041515
294.1129183 0.7485770839
473.1500763 1.156361403
485.1684735 0.8901155778
486.1762981 0.8022003477
515.1790368 1.031562352
559.2052493 1.932862554
632.2342005 0.699272766
647.22129 1.237642887
648.2291146 1.146109285
677.2318533 2.269405541
678.234727 0.7814842764
678.2396779 1.186370402
707.2424166 2.171234271
708.2453097 0.7734484599
720.2502412 2.935208893
721.2531497 1.078892338
721.2580658 2.745681979
722.2609757 1.009639999
723.2373307 1.134116812
