82.0 0.013013013
83.0 0.001001001
84.0 0.028028028
85.0 0.014014014
86.0 0.021021021
87.0 0.007007007
88.0 0.005005005
89.0 0.007007007
90.0 0.016016016
91.0 0.001001001
93.0 0.002002002
94.0 0.003003003
95.0 0.005005005
96.0 0.01001001
97.0 0.008008008
98.0 0.029029029
99.0 0.016016016
100.0 0.2912912913
101.0 0.035035035
102.0 0.0570570571
103.0 0.029029029
105.0 0.008008008
106.0 0.002002002
108.0 0.002002002
109.0 0.002002002
110.0 0.001001001
111.0 0.002002002
112.0 0.009009009
113.0 0.001001001
114.0 0.034034034
115.0 0.008008008
116.0 0.009009009
117.0 0.027027027
118.0 0.002002002
119.0 0.017017017
120.0 0.003003003
123.0 0.001001001
124.0 0.002002002
126.0 0.005005005
127.0 0.006006006
128.0 0.043043043
129.0 0.024024024
130.0 0.034034034
131.0 0.026026026
132.0 0.0560560561
133.0 0.0600600601
134.0 0.008008008
138.0 0.001001001
140.0 0.001001001
141.0 0.002002002
142.0 0.036036036
143.0 0.017017017
144.0 0.009009009
145.0 0.002002002
146.0 0.011011011
147.0 0.3163163163
148.0 0.026026026
149.0 0.002002002
150.0 0.001001001
151.0 0.001001001
154.0 0.001001001
157.0 0.002002002
158.0 1.0
159.0 0.0730730731
161.0 0.002002002
163.0 0.011011011
164.0 0.002002002
170.0 0.024024024
171.0 0.004004004
172.0 0.004004004
174.0 0.011011011
175.0 0.005005005
176.0 0.003003003
183.0 0.001001001
186.0 0.001001001
187.0 0.001001001
188.0 0.002002002
190.0 0.002002002
191.0 0.001001001
199.0 0.001001001
200.0 0.002002002
202.0 0.003003003
203.0 0.01001001
216.0 0.002002002
217.0 0.002002002
218.0 0.4764764765
219.0 0.0540540541
220.0 0.018018018
232.0 0.1331331331
233.0 0.037037037
234.0 0.01001001
235.0 0.002002002
242.0 0.001001001
245.0 0.001001001
246.0 0.006006006
247.0 0.002002002
260.0 0.027027027
261.0 0.008008008
262.0 0.001001001
