43.01838972 0.9205653545
45.03403978 0.3271946132
47.04968984 0.4185406573
55.01838972 1.19754858
59.01330434 0.3236062061
61.0289544 0.3453230328
68.99765427 0.3326362799
71.01330434 0.7149258389
73.0289544 3.1529223
75.04460446 0.5971422244
77.06025453 0.3219397812
85.0289544 0.7939222409
91.03951908 0.3907554696
95.04968984 0.4910657373
103.0395191 0.8971270817
105.0551691 0.4666511782
115.0395191 0.6586431762
131.0344337 0.3423818765
133.0500838 2.9476797
257.0449984 0.4494153272
269.0449984 2.327025264
271.0606485 1.649963861
285.039913 0.7070579958
287.0555631 38.72391457
291.0868632 0.4785676629
293.1025133 0.4785676629
315.0504777 0.5275078497
383.0766924 0.341025258
383.0766924 1.119097337
401.0872571 15.63139969
419.0978218 21.92588619
