70.0 0.094
71.0 0.028
72.0 0.158
76.0 0.07
77.0 0.061
79.0 0.011
80.0 0.018
81.0 0.04
82.0 0.377
83.0 0.12
84.0 0.144
85.0 0.041
86.0 0.084
87.0 0.046
88.0 0.015
89.0 0.011
90.0 0.003
91.0 0.002
92.0 0.005
93.0 0.006
94.0 0.038
95.0 0.017
96.0 0.016
97.0 0.011
98.0 0.039
99.0 0.032
100.0 0.39
101.0 0.106
102.0 0.13
103.0 0.056
104.0 0.01
105.0 0.008
107.0 0.001
108.0 0.003
109.0 0.037
110.0 0.024
111.0 0.339
112.0 0.103
113.0 0.029
114.0 0.083
115.0 0.088
116.0 0.155
117.0 0.057
118.0 0.021
119.0 0.014
120.0 0.003
121.0 0.002
122.0 0.003
123.0 0.002
124.0 0.005
125.0 0.004
126.0 0.021
127.0 0.008
128.0 0.561
129.0 0.142
130.0 0.076
131.0 0.089
132.0 0.062
133.0 0.14
134.0 0.022
135.0 0.012
136.0 0.002
138.0 0.007
139.0 0.025
140.0 0.051
141.0 0.013
142.0 0.045
143.0 0.044
144.0 0.182
145.0 0.036
146.0 0.037
150.0 0.006
151.0 0.004
152.0 0.005
153.0 0.008
154.0 0.037
155.0 0.033
156.0 0.431
157.0 0.075
158.0 0.168
159.0 1.0
160.0 0.149
161.0 0.054
162.0 0.006
163.0 0.004
164.0 0.001
165.0 0.002
166.0 0.003
167.0 0.064
168.0 0.02
169.0 0.007
170.0 0.037
171.0 0.008
172.0 0.144
173.0 0.038
174.0 0.02
175.0 0.004
177.0 0.002
178.0 0.0
181.0 0.002
182.0 0.008
183.0 0.73
184.0 0.395
185.0 0.107
186.0 0.027
187.0 0.005
188.0 0.06
189.0 0.015
190.0 0.008
191.0 0.003
192.0 0.001
196.0 0.002
197.0 0.002
198.0 0.002
199.0 0.006
200.0 0.008
201.0 0.05
202.0 0.019
203.0 0.013
204.0 0.006
205.0 0.001
207.0 0.0
210.0 0.005
211.0 0.011
212.0 0.005
213.0 0.01
214.0 0.012
215.0 0.005
216.0 0.075
217.0 0.017
218.0 0.052
219.0 0.013
220.0 0.005
221.0 0.011
222.0 0.003
223.0 0.001
225.0 0.001
226.0 0.001
227.0 0.003
228.0 0.012
229.0 0.008
230.0 0.02
231.0 0.008
232.0 0.01
233.0 0.003
235.0 0.001
236.0 0.001
237.0 0.001
238.0 0.001
239.0 0.001
240.0 0.002
241.0 0.004
242.0 0.003
243.0 0.013
244.0 0.005
246.0 0.002
248.0 0.007
249.0 0.003
253.0 0.0
256.0 0.001
257.0 0.045
258.0 0.015
259.0 0.005
260.0 0.003
262.0 0.001
263.0 0.0
271.0 0.003
272.0 0.005
273.0 0.679
274.0 0.185
275.0 0.073
276.0 0.019
277.0 0.004
283.0 0.004
285.0 0.042
286.0 0.013
287.0 0.005
288.0 0.001
291.0 0.002
293.0 0.001
300.0 0.002
301.0 0.023
302.0 0.006
303.0 0.002
304.0 0.001
346.0 0.011
347.0 0.012
348.0 0.004
375.0 0.021
376.0 0.007
377.0 0.003
390.0 0.009
391.0 0.004
582.0 0.0
