44.97934602 1.032017627
67.04164762 1.064893326
104.0494722 1.430647615
119.072946 2.606450077
120.0807706 1.059462708
121.0885952 1.139152247
134.0838438 2.280554336
135.0916684 3.317817338
164.0402646 3.18369573
165.0480892 1.343600806
166.0559138 3.950869432
167.0637384 1.094442191
190.0559138 1.183321963
202.0559138 1.118498338
204.071563 1.178660974
214.0559138 1.751860145
216.071563 2.088972005
217.0793876 1.038512864
218.0872122 1.244821047
226.0559138 1.143352653
228.071563 1.309616463
229.0793876 1.120994488
240.071563 1.327646222
241.0793876 1.266478376
242.0872122 1.107976602
257.09811 2.254805758
269.09811 2.304919129
270.1059346 4.543981434
284.1215838 5.075651277
285.1294084 7.142487148
286.1323023 1.434751177
