27.02292522 1.408530503
29.03857442 3.197701335
42.03382302 0.795555878
44.01308792 0.8110365876
72.08077062 5.497770018
73.08859522 1.06415362
100.0756847 1.280132323
154.0651214 1.50222249
166.0651214 1.096945485
167.072946 0.8102860348
180.0807706 1.395968202
195.0916684 2.132137857
196.099493 1.281384594
197.1073176 3.673550211
198.1151422 1.1026119
209.1522525 0.8232059734
221.1073176 0.7941480334
222.1151422 1.305689408
223.0865825 1.755957325
223.1229668 1.548283162
224.1307914 0.8171404464
238.1338646 0.8809052496
266.1287787 1.541259606
280.1444279 1.530950483
294.1600771 1.638979412
295.1679017 1.102730768
308.1757263 0.899808576
309.1835509 0.9075970445
310.1787995 1.362811714
323.1866241 2.675239691
337.2022733 1.237682214
