82.0 0.0730730731
83.0 0.016016016
84.0 0.2822822823
85.0 0.033033033
86.0 0.2352352352
87.0 0.03003003
88.0 0.0520520521
89.0 0.007007007
90.0 0.004004004
91.0 0.002002002
92.0 0.001001001
93.0 0.001001001
94.0 0.014014014
95.0 0.003003003
96.0 0.002002002
97.0 0.006006006
98.0 0.012012012
99.0 0.011011011
100.0 0.1251251251
101.0 0.023023023
102.0 0.0500500501
103.0 0.02002002
104.0 0.004004004
105.0 0.001001001
107.0 0.001001001
109.0 0.001001001
110.0 0.006006006
111.0 0.003003003
112.0 0.024024024
113.0 0.01001001
114.0 0.039039039
115.0 0.019019019
116.0 0.02002002
117.0 0.021021021
118.0 0.005005005
119.0 0.003003003
124.0 0.002002002
125.0 0.001001001
126.0 0.007007007
127.0 0.003003003
128.0 0.0600600601
129.0 0.015015015
130.0 0.0640640641
131.0 0.03003003
132.0 0.018018018
133.0 0.017017017
134.0 0.003003003
135.0 0.001001001
138.0 0.001001001
139.0 0.001001001
140.0 0.009009009
141.0 0.003003003
142.0 0.023023023
143.0 0.005005005
144.0 0.011011011
145.0 0.003003003
146.0 0.031031031
147.0 0.0560560561
148.0 0.016016016
149.0 0.006006006
150.0 0.002002002
151.0 0.001001001
154.0 0.006006006
155.0 0.005005005
156.0 0.1351351351
157.0 0.022022022
158.0 0.016016016
159.0 0.003003003
160.0 0.005005005
161.0 0.002002002
162.0 0.003003003
166.0 0.004004004
167.0 0.005005005
168.0 0.033033033
169.0 0.006006006
170.0 0.006006006
171.0 0.002002002
172.0 0.021021021
173.0 0.006006006
174.0 1.0
175.0 0.1761761762
176.0 0.0780780781
177.0 0.009009009
178.0 0.001001001
182.0 0.001001001
183.0 0.003003003
184.0 0.007007007
185.0 0.002002002
186.0 0.012012012
187.0 0.003003003
188.0 0.004004004
189.0 0.001001001
190.0 0.001001001
198.0 0.001001001
199.0 0.002002002
200.0 0.1501501502
201.0 0.03003003
202.0 0.011011011
203.0 0.001001001
204.0 0.001001001
214.0 0.002002002
215.0 0.001001001
216.0 0.005005005
217.0 0.001001001
218.0 0.001001001
227.0 0.001001001
228.0 0.001001001
229.0 0.002002002
230.0 0.02002002
231.0 0.006006006
232.0 0.003003003
242.0 0.001001001
244.0 0.001001001
245.0 0.001001001
246.0 0.001001001
255.0 0.001001001
257.0 0.003003003
258.0 0.034034034
259.0 0.008008008
260.0 0.003003003
289.0 0.004004004
290.0 0.001001001
317.0 0.001001001
347.0 0.002002002
361.0 0.001001001
362.0 0.01001001
363.0 0.003003003
364.0 0.001001001
