56.99710422 1.125475255
58.06512142 5.460409151
84.04438632 0.730497067
85.05221092 0.9673598704
169.0607615 0.7695484893
177.0784234 0.7674717959
215.0940726 0.960234684
217.1097218 0.8507735252
225.086974 0.7555490496
230.0811621 1.275854211
231.0889867 0.8837078061
241.0818881 0.9864808124
255.0975373 0.7384992576
258.0760762 1.056116282
260.0917254 0.9750074946
272.0917254 0.8851720315
286.1073746 1.483305052
287.1151992 2.064354356
315.1101133 1.27043276
341.1495708 0.974682467
342.1573954 1.951552302
343.16522 1.26181028
344.1730446 0.9728767545
345.1808692 1.670837622
371.1601341 1.054309894
372.1679587 1.133140483
373.1757833 1.832978129
428.1815952 1.289312741
429.1894198 1.40924197
440.1815952 0.8778579609
442.1608601 1.083977733
