82.0 0.002002002
83.0 0.01001001
84.0 0.004004004
85.0 0.003003003
86.0 0.002002002
90.0 0.041041041
91.0 0.003003003
92.0 0.005005005
93.0 0.011011011
94.0 0.008008008
95.0 0.003003003
96.0 0.002002002
97.0 0.001001001
99.0 0.001001001
104.0 0.003003003
105.0 0.031031031
106.0 0.8218218218
107.0 0.0620620621
108.0 0.009009009
109.0 0.011011011
110.0 0.005005005
111.0 0.001001001
119.0 0.001001001
120.0 0.011011011
121.0 0.002002002
122.0 0.01001001
123.0 0.003003003
124.0 0.001001001
132.0 0.002002002
134.0 0.007007007
135.0 0.006006006
136.0 1.0
137.0 0.1331331331
138.0 0.04004004
139.0 0.003003003
150.0 0.004004004
151.0 0.002002002
152.0 0.001001001
153.0 0.001001001
162.0 0.003003003
163.0 0.001001001
164.0 0.003003003
165.0 0.001001001
166.0 0.001001001
179.0 0.003003003
180.0 0.9299299299
181.0 0.1361361361
182.0 0.042042042
183.0 0.003003003
194.0 0.008008008
195.0 0.033033033
196.0 0.005005005
197.0 0.001001001
