41.03857442 2.462440662
42.04639902 0.8521073335
44.99710422 1.173974503
59.99024382 1.473903166
73.01064442 2.73212248
74.01846902 1.512154325
75.02629362 0.9046700495
87.02629362 0.7897665239
90.04639902 1.306785341
91.05422362 12.8492362
92.05761766 1.020326676
92.06204822 1.547721849
93.06987282 0.7059071372
115.0627742 0.7789873988
119.0491377 8.895437432
120.0525304 0.8092748233
135.0678601 0.8486233076
160.0426688 1.488870572
218.0481462 1.033468899
233.059044 1.331043579
234.0668686 0.7091847452
251.0484807 0.8140754394
261.0539581 1.572580832
278.0845305 0.742114004
305.0954283 0.7833331422
306.1032529 1.843298996
307.1110775 1.839008965
308.1189021 1.016528949
334.098167 1.164696866
335.1059916 1.036994472
337.0852565 1.535610302
