27.02292522 0.7806029423
29.03857442 1.366044474
56.04947222 1.78495184
58.06512142 9.870575369
60.08077062 1.630327927
70.06512142 2.581469154
72.08077062 2.980571606
73.08859522 0.9667625073
84.08077062 4.298625416
86.09641982 22.45044123
87.09948271 1.379497001
88.11206902 0.9481538179
98.09641982 0.9434348879
99.10424442 1.327944033
100.112069 3.093084585
119.0365617 0.9797630789
120.0443863 18.24049728
121.0474983 1.519596165
121.0522109 1.375242741
137.047125 0.9850878393
221.1284442 0.7884000184
