27.02292522 1.053579751
39.02292522 1.386518675
53.03857442 1.113683653
82.06512142 1.303845787
94.06512142 0.8860953903
96.08077062 1.507791854
106.0651214 0.9057503132
108.0807706 2.412893842
134.0964198 0.9242529967
135.1042444 1.43686448
136.112069 3.890101625
137.1198936 1.823403428
138.1277182 0.8396349981
142.0287371 0.8298828001
144.0443863 0.812529963
157.0522109 1.254884836
158.0600355 4.965988835
159.0678601 2.067572947
160.0756847 1.06454175
164.1069831 1.010335201
165.1148077 1.086262731
166.1226323 1.614973512
186.0549496 1.296067039
187.0627742 2.316182672
188.0705988 1.69929255
189.0784234 1.026603476
295.1440934 0.903238279
297.1597426 0.9016231953
306.1726531 2.430923189
307.1804777 1.321056355
309.1597426 1.967993182
