29.00219012 0.7918021992
44.99710422 0.9597023694
58.00492882 1.273500822
59.01275342 7.473872607
60.02057802 2.077178544
87.00766752 1.166599745
88.01549212 0.9622851968
89.02331672 0.8706444075
90.03114132 1.209047011
103.0025816 0.8837466204
116.0104062 0.8775718499
117.0182308 1.662554276
118.0260554 0.9647625442
134.0209695 1.014766711
148.0366187 0.9998957688
176.0315328 0.8899507047
177.0393574 1.296937733
255.2107156 3.260934619
256.2141256 0.7067587431
283.2056297 1.889748726
341.2111071 0.891616417
342.2189317 0.7204355548
357.2060212 0.9107782772
371.2216704 0.8488466072
387.2165845 1.063103604
388.2244091 0.7777344347
431.242797 1.054162395
458.2298865 1.831559236
459.2377111 1.816879023
461.216976 2.779407351
462.2203907 0.7999075633
