15.0 1.42
17.0 1.77
18.0 8.72
27.0 3.39
28.0 3.11
29.0 3.24
31.0 2.42
39.0 5.23
40.0 1.16
41.0 2.59
42.0 2.5
43.0 6.64
44.0 14.65
45.0 2.76
50.0 1.73
51.0 3.97
52.0 2.43
53.0 2.32
54.0 1.09
55.0 1.8
56.0 2.29
57.0 2.32
58.0 1.09
60.0 1.39
61.0 1.69
63.0 2.58
64.0 1.8
65.0 3.15
66.0 1.31
68.0 1.15
69.0 1.91
70.0 2.05
73.0 1.6
74.0 2.43
75.0 2.07
76.0 2.5
77.0 6.32
78.0 2.7
79.0 1.61
81.0 1.6
85.0 1.09
86.0 2.01
88.0 1.01
89.0 3.33
90.0 2.43
91.0 4.73
92.0 1.32
98.0 1.31
99.0 1.97
100.0 1.28
101.0 1.71
102.0 3.93
103.0 6.4
104.0 3.32
105.0 1.29
114.0 1.83
115.0 1.83
116.0 7.22
117.0 3.66
118.0 3.18
121.0 1.62
128.0 2.96
129.0 3.22
130.0 5.91
131.0 5.79
132.0 1.58
141.0 1.54
142.0 1.8
143.0 3.6
144.0 3.37
145.0 4.93
146.0 2.85
147.0 1.53
155.0 1.18
156.0 26.5
157.0 8.07
158.0 5.91
159.0 6.64
160.0 2.54
161.0 1.18
169.0 1.81
170.0 19.44
171.0 49.16
172.0 13.93
173.0 5.74
174.0 10.98
175.0 3.52
182.0 1.05
183.0 1.22
184.0 3.93
185.0 9.21
186.0 3.1
187.0 3.25
188.0 3.24
189.0 2.96
196.0 1.65
197.0 4.96
198.0 5.64
199.0 5.54
200.0 2.0
201.0 2.02
210.0 1.15
211.0 1.94
212.0 2.36
213.0 21.2
214.0 5.01
215.0 1.48
216.0 2.58
217.0 9.99
218.0 3.92
219.0 1.02
225.0 1.33
226.0 1.78
227.0 3.29
228.0 2.5
229.0 1.2
230.0 1.93
231.0 1.56
239.0 1.21
240.0 1.97
241.0 3.28
242.0 99.99
243.0 19.4
244.0 3.1
245.0 7.09
246.0 1.29
254.0 1.48
255.0 1.32
256.0 38.02
257.0 7.67
258.0 4.76
259.0 1.75
270.0 1.44
291.0 1.07
333.0 2.2
343.0 4.26
344.0 1.07
361.0 2.93
