82.0 0.006006006
83.0 0.021021021
84.0 0.001001001
85.0 0.025025025
86.0 0.005005005
87.0 0.027027027
88.0 0.016016016
89.0 0.0560560561
90.0 0.004004004
91.0 0.004004004
93.0 0.001001001
94.0 0.001001001
95.0 0.004004004
96.0 0.002002002
97.0 0.013013013
98.0 0.003003003
99.0 0.027027027
100.0 0.005005005
101.0 0.0820820821
102.0 0.037037037
103.0 1.0
104.0 0.1011011011
105.0 0.049049049
106.0 0.003003003
107.0 0.002002002
108.0 0.001001001
109.0 0.043043043
110.0 0.003003003
111.0 0.023023023
112.0 0.004004004
113.0 0.045045045
114.0 0.01001001
115.0 0.032032032
116.0 0.034034034
117.0 0.2342342342
118.0 0.025025025
119.0 0.027027027
120.0 0.003003003
121.0 0.002002002
123.0 0.001001001
125.0 0.006006006
126.0 0.002002002
127.0 0.023023023
128.0 0.006006006
129.0 0.5645645646
130.0 0.0840840841
131.0 0.1361361361
132.0 0.021021021
133.0 0.1821821822
134.0 0.026026026
135.0 0.019019019
136.0 0.002002002
137.0 0.001001001
139.0 0.011011011
140.0 0.005005005
141.0 0.023023023
142.0 0.02002002
143.0 0.0990990991
144.0 0.015015015
145.0 0.029029029
146.0 0.005005005
147.0 0.8828828829
148.0 0.1581581582
149.0 0.1261261261
150.0 0.016016016
151.0 0.013013013
152.0 0.002002002
153.0 0.016016016
154.0 0.005005005
155.0 0.0720720721
156.0 0.015015015
157.0 0.0970970971
158.0 0.015015015
159.0 0.017017017
160.0 0.003003003
161.0 0.01001001
162.0 0.002002002
163.0 0.02002002
164.0 0.003003003
165.0 0.002002002
166.0 0.001001001
167.0 0.006006006
168.0 0.002002002
169.0 0.4264264264
170.0 0.0700700701
171.0 0.04004004
172.0 0.006006006
173.0 0.02002002
174.0 0.004004004
175.0 0.018018018
176.0 0.004004004
177.0 0.019019019
178.0 0.003003003
179.0 0.002002002
181.0 0.008008008
182.0 0.002002002
183.0 0.028028028
184.0 0.005005005
185.0 0.009009009
186.0 0.002002002
187.0 0.006006006
188.0 0.002002002
189.0 0.1031031031
190.0 0.027027027
191.0 0.1371371371
192.0 0.026026026
193.0 0.014014014
194.0 0.002002002
195.0 0.001001001
197.0 0.002002002
198.0 0.001001001
199.0 0.011011011
200.0 0.002002002
201.0 0.009009009
202.0 0.005005005
203.0 0.03003003
204.0 0.0710710711
205.0 0.0560560561
206.0 0.015015015
207.0 0.015015015
208.0 0.003003003
209.0 0.002002002
211.0 0.001001001
213.0 0.001001001
215.0 0.024024024
216.0 0.007007007
217.0 0.6176176176
218.0 0.1661661662
219.0 0.0790790791
220.0 0.014014014
221.0 0.03003003
222.0 0.007007007
223.0 0.004004004
224.0 0.001001001
225.0 0.001001001
227.0 0.007007007
228.0 0.003003003
229.0 0.037037037
230.0 0.04004004
231.0 0.036036036
232.0 0.011011011
233.0 0.014014014
234.0 0.004004004
235.0 0.002002002
239.0 0.002002002
240.0 0.001001001
241.0 0.011011011
242.0 0.004004004
243.0 0.1441441441
244.0 0.042042042
245.0 0.045045045
246.0 0.012012012
247.0 0.014014014
248.0 0.003003003
249.0 0.001001001
255.0 0.006006006
256.0 0.004004004
257.0 0.045045045
258.0 0.011011011
259.0 0.018018018
260.0 0.004004004
261.0 0.002002002
262.0 0.001001001
263.0 0.003003003
264.0 0.001001001
265.0 0.004004004
266.0 0.001001001
271.0 0.2082082082
272.0 0.0540540541
273.0 0.035035035
274.0 0.007007007
275.0 0.004004004
276.0 0.001001001
277.0 0.003003003
278.0 0.002002002
279.0 0.001001001
287.0 0.001001001
288.0 0.001001001
289.0 0.004004004
290.0 0.001001001
291.0 0.019019019
292.0 0.006006006
293.0 0.007007007
294.0 0.001001001
295.0 0.001001001
303.0 0.004004004
304.0 0.003003003
305.0 0.016016016
306.0 0.008008008
307.0 0.004004004
308.0 0.001001001
317.0 0.007007007
318.0 0.003003003
319.0 0.047047047
320.0 0.023023023
321.0 0.01001001
322.0 0.003003003
323.0 0.001001001
331.0 0.016016016
332.0 0.011011011
333.0 0.006006006
334.0 0.002002002
335.0 0.001001001
345.0 0.002002002
346.0 0.004004004
347.0 0.002002002
348.0 0.002002002
361.0 0.0790790791
362.0 0.0630630631
363.0 0.033033033
364.0 0.011011011
365.0 0.003003003
366.0 0.001001001
437.0 0.012012012
438.0 0.0610610611
439.0 0.024024024
440.0 0.013013013
441.0 0.003003003
442.0 0.001001001
450.0 0.001001001
451.0 0.017017017
452.0 0.017017017
453.0 0.008008008
454.0 0.003003003
455.0 0.001001001
464.0 0.001001001
