28.01817382 2.57396546
30.03382302 1.336448472
44.99710422 3.929293794
74.02365122 3.039625991
152.9195736 1.531925343
332.8267853 1.546696209
357.8584182 0.8456288586
359.8138748 0.8031568386
360.8216994 1.024043388
361.829524 1.791616052
362.8373486 1.024132189
403.8638956 1.483512725
512.733997 0.7953654885
648.773846 0.8861285033
649.7816706 1.596722854
688.6462946 1.607715809
689.6541192 0.8826995121
701.6541192 1.982768082
702.6619438 2.122817641
703.6697684 1.549416344
703.6935767 1.134479497
729.6728416 1.426502018
730.6806662 2.38417349
731.6884908 3.873304308
732.6963154 1.669989558
747.6834049 0.7687845335
758.6755803 1.283954439
759.6834049 0.8328204485
760.6674212 1.085789968
775.678319 0.9084196014
776.6861436 0.7989247529
