25.00727602 1.018270676
27.02292522 1.318080974
28.01817382 1.94801192
30.03382302 1.011442303
44.99710422 2.944221894
74.02365122 2.165700572
152.9195736 1.051056375
234.925051 1.833130739
286.8869492 1.004153579
298.8869492 0.8246247225
314.8818633 0.8442203527
315.8896879 1.561169694
316.8975125 0.9537979432
358.8424345 0.8741510822
387.8689815 2.426117153
403.8638956 1.098418475
603.8418345 1.317867026
605.7918424 2.290363206
621.7867565 1.045277919
642.7064585 1.13047645
649.7816706 0.9025293967
650.7894952 0.8499902107
655.7142831 1.394857343
656.7221077 1.193189624
657.7299323 1.090012424
683.7330055 1.004158563
684.7408301 1.656090243
685.7486547 2.46781094
686.7564793 1.175578709
712.7357442 0.9215053601
713.7435688 0.9962047757
