70.0 0.041
71.0 0.022
72.0 0.108
76.0 0.029
77.0 0.052
78.0 0.007
79.0 0.016
80.0 0.01
81.0 0.094
82.0 0.029
83.0 0.01
84.0 0.012
85.0 0.035
86.0 0.013
87.0 0.015
88.0 0.003
89.0 0.02
90.0 0.003
91.0 0.006
92.0 0.006
93.0 0.006
94.0 0.008
95.0 0.023
96.0 0.039
97.0 0.07
98.0 0.028
99.0 0.169
100.0 0.09
101.0 0.076
102.0 0.031
103.0 0.038
104.0 0.006
105.0 0.01
106.0 0.004
107.0 0.006
108.0 0.005
109.0 0.009
110.0 0.007
111.0 0.024
112.0 0.016
113.0 0.083
114.0 0.014
115.0 0.052
116.0 0.039
117.0 0.031
118.0 0.005
119.0 0.017
120.0 0.007
121.0 0.01
122.0 0.005
123.0 0.008
124.0 0.019
125.0 0.024
126.0 0.039
127.0 0.032
128.0 0.013
129.0 0.203
130.0 0.035
131.0 0.053
132.0 0.011
133.0 0.169
134.0 0.023
135.0 0.044
136.0 0.007
137.0 0.021
138.0 0.01
139.0 0.007
140.0 0.042
141.0 0.035
142.0 0.051
143.0 0.066
144.0 0.011
145.0 0.011
150.0 0.008
151.0 0.017
152.0 0.005
153.0 0.046
154.0 0.02
155.0 0.022
156.0 0.013
157.0 0.016
158.0 0.011
159.0 0.005
160.0 0.002
161.0 0.004
162.0 0.003
163.0 0.006
165.0 0.005
166.0 0.005
167.0 0.047
168.0 0.108
169.0 1.0
170.0 0.152
171.0 0.146
172.0 0.02
173.0 0.008
174.0 0.004
175.0 0.003
177.0 0.011
178.0 0.004
179.0 0.005
181.0 0.029
182.0 0.01
183.0 0.052
184.0 0.024
185.0 0.091
186.0 0.02
187.0 0.008
188.0 0.001
189.0 0.007
191.0 0.033
192.0 0.005
193.0 0.021
194.0 0.006
195.0 0.029
196.0 0.036
197.0 0.019
198.0 0.006
199.0 0.004
201.0 0.004
202.0 0.002
203.0 0.002
204.0 0.006
205.0 0.004
207.0 0.033
208.0 0.008
209.0 0.013
210.0 0.009
211.0 0.24
212.0 0.037
213.0 0.033
214.0 0.006
215.0 0.095
216.0 0.023
217.0 0.06
218.0 0.012
219.0 0.005
220.0 0.002
221.0 0.004
222.0 0.004
223.0 0.004
225.0 0.044
226.0 0.025
227.0 0.089
228.0 0.014
229.0 0.019
230.0 0.124
231.0 0.028
232.0 0.01
233.0 0.003
235.0 0.01
236.0 0.006
237.0 0.011
238.0 0.004
239.0 0.01
240.0 0.006
241.0 0.06
242.0 0.023
243.0 0.175
244.0 0.034
245.0 0.018
246.0 0.003
247.0 0.003
249.0 0.001
251.0 0.004
252.0 0.005
253.0 0.011
254.0 0.004
255.0 0.024
256.0 0.033
257.0 0.078
258.0 0.098
259.0 0.035
260.0 0.009
261.0 0.004
263.0 0.003
265.0 0.019
266.0 0.004
267.0 0.004
269.0 0.007
270.0 0.003
271.0 0.004
280.0 0.019
281.0 0.026
282.0 0.008
283.0 0.021
284.0 0.006
285.0 0.029
286.0 0.01
287.0 0.005
297.0 0.008
298.0 0.013
299.0 0.306
300.0 0.084
301.0 0.052
302.0 0.009
303.0 0.005
311.0 0.012
312.0 0.003
313.0 0.011
314.0 0.022
315.0 0.487
316.0 0.129
317.0 0.077
318.0 0.013
319.0 0.006
321.0 0.005
323.0 0.01
324.0 0.005
325.0 0.004
327.0 0.004
328.0 0.016
329.0 0.005
337.0 0.009
340.0 0.001
341.0 0.005
343.0 0.007
344.0 0.002
352.0 0.113
353.0 0.05
354.0 0.019
355.0 0.008
356.0 0.005
357.0 0.004
358.0 0.004
359.0 0.003
369.0 0.015
370.0 0.023
371.0 0.015
372.0 0.005
373.0 0.006
374.0 0.002
375.0 0.002
382.0 0.006
383.0 0.008
384.0 0.003
386.0 0.006
387.0 0.032
388.0 0.014
389.0 0.009
390.0 0.002
395.0 0.007
396.0 0.004
410.0 0.003
411.0 0.006
413.0 0.01
414.0 0.004
415.0 0.002
429.0 0.001
485.0 0.009
486.0 0.004
487.0 0.003
502.0 0.002
597.0 0.009
600.0 0.002
