29.03857442 1.106599119
41.03857442 0.9983228369
43.05422362 1.329136548
44.99710422 6.982978564
55.05422362 0.9873509483
57.06987282 1.3145331
69.06987282 1.106029767
71.08552202 1.489567096
85.02840262 0.9869265162
97.10117122 1.060130159
99.04405182 0.9762023508
111.1168204 0.9546191963
113.059701 0.9657087426
123.1168204 1.646019788
125.1324696 2.355044266
127.0753502 0.9554383354
139.1481188 1.233566485
153.163768 1.220977679
155.1066486 1.059508073
167.1794172 1.208643219
181.1950664 1.185900135
183.137947 1.006247373
195.2107156 1.172539605
207.2107156 1.105652809
209.2263648 1.378495393
211.1692454 1.173798538
223.242014 1.128657398
225.1848946 1.167954779
236.2498386 0.9689154327
239.2005438 1.154860173
253.216193 1.061258482
