41.03857442 1.242965421
43.05422362 2.701498676
57.03348852 1.096221954
69.06987282 0.9504983134
71.08552202 1.630405753
85.10117122 1.604565132
97.10117122 0.7847615855
99.11682042 0.9871852364
125.1324696 0.7947644537
127.1481188 1.413264393
229.1586821 1.317775494
230.1665067 1.493571482
271.2056297 2.012947868
299.2369281 1.918956609
313.2525773 0.9163345757
327.2682265 1.105607371
339.3046108 1.835786472
340.3124354 1.060737246
341.32026 0.8546216302
353.32026 1.045029459
354.3280846 1.107174495
355.2995249 2.91223352
356.3029412 0.8331134113
367.3359092 0.8766465908
369.3151741 2.121360839
370.3229987 1.916086374
380.3437338 1.094339769
381.3515584 1.027696762
382.3229987 0.8031692395
383.3308233 4.571034568
384.3342408 1.412731353
