27.02292522 1.169951845
28.03074982 0.9373399632
43.01783932 3.188632118
45.03348852 2.552633563
110.0726115 0.7807173027
175.0753502 1.862295887
206.0937381 0.7797959134
221.0444433 0.98380534
222.0522679 0.9730913797
234.0886522 0.887278184
261.112126 0.7342360661
295.0964768 1.559154084
326.1148647 1.192705775
339.086305 0.7549931621
353.1019542 0.8425503489
354.1097788 1.123938977
355.1176034 0.9173091596
356.125428 1.111016865
368.125428 1.893075709
369.1332526 0.7047693964
371.1125175 1.003652172
372.1203421 1.919806368
383.1125175 0.8807023873
385.1281667 1.175959339
386.1359913 1.589161889
397.1281667 0.896649103
399.1438159 0.9323665832
400.1152562 1.569797158
400.1516405 2.075948469
412.1152562 0.7042700113
413.1230808 2.053574806
