27.02292522 1.202932751
29.03857442 1.400258851
41.03857442 1.263249143
43.01783932 0.9653392815
43.05422362 1.681851343
44.99710422 1.152911909
55.05422362 1.019472785
57.03348852 0.9474810331
57.06987282 1.663372558
71.04913772 1.900046417
71.08552202 1.64529542
72.02057802 0.9618983384
73.02840262 3.03794693
83.08552202 1.171754409
84.09334662 1.544702667
85.10117122 2.293263668
86.03622722 0.9870161113
87.04405182 3.872816772
88.05187642 1.163685866
97.10117122 0.9720040053
99.04405182 1.05587021
99.11682042 1.652616387
100.124645 0.9567926592
116.0467905 1.338863256
117.0546151 10.1646197
127.1117345 0.9978725125
128.1195591 0.8939260207
129.1273837 1.256703198
131.0702643 0.9404992124
198.1614208 3.054537568
199.1692454 1.600520727
