94.04131312 1.150622517
95.04913772 0.8381240064
230.0573538 0.8710827965
240.0417046 0.8327083378
241.0495292 0.8128111316
242.0573538 2.441595114
244.073003 0.9086487334
254.0573538 0.802175447
256.073003 0.9824031956
266.0209695 1.351449498
268.0366187 1.529372168
270.0522679 2.348831932
271.0600925 1.046593964
272.0679171 2.651227064
273.0757417 0.8716172847
284.0315328 1.356994281
286.047182 0.7988928215
310.047182 1.173222534
312.0628312 0.900303899
314.0784804 0.9733131049
498.0945211 1.225621195
498.1309054 0.8773729257
510.0945211 0.9226111875
511.1023457 1.099871164
512.1101703 1.509778655
513.1179949 1.632722284
514.1258195 2.666311807
515.1292128 0.8833443283
524.1101703 1.310263753
527.0972598 1.625525892
542.1207336 1.210332528
