27.02292522 1.151082217
41.03857442 1.935239885
55.05422362 0.7546456819
71.04913772 0.8859381593
85.06478692 2.082993859
137.0960853 0.7136240032
191.1430329 1.012957421
257.1899805 0.9579783619
311.2369281 0.7209550884
467.3308233 1.386794337
481.3464725 1.39863884
482.3542971 0.9821373213
483.3621217 0.722569448
497.3777709 0.8791393714
509.3777709 1.297769458
511.3570358 1.097152452
522.3855955 0.7680846356
523.3934201 2.836519201
524.3968279 1.229332911
524.4012447 2.419436712
525.4046534 1.048934464
525.4090693 1.024264034
537.4090693 1.497487352
538.4168939 1.045431116
550.4168939 1.868834178
551.4203019 0.8526234217
551.4247185 1.755019184
552.3961588 1.189137981
552.4281275 0.8009605824
553.4039834 6.7978005
554.4073925 3.026814138
